date,close_raw
2010-01-04,5.59
2010-01-05,5.59
2010-01-06,5.63
2010-01-07,5.44
2010-01-08,5.47
2010-01-11,5.48
2010-01-12,5.68
2010-01-13,5.59
2010-01-14,5.72
2010-01-15,5.72
2010-01-18,5.89
2010-01-19,5.85
2010-01-20,5.56
2010-01-21,5.65
2010-01-22,6.22
2010-01-25,5.6
2010-01-26,5.25
2010-01-27,5.19
2010-01-28,5.24
2010-01-29,5.17
2010-02-01,4.96
2010-02-02,4.93
2010-02-03,5.15
2010-02-04,5.2
2010-02-05,5.2
2010-02-08,5.22
2010-02-09,5.28
2010-02-10,5.25
2010-02-11,5.26
2010-02-12,5.26
2010-02-22,5.3
2010-02-23,5.26
2010-02-24,5.48
2010-02-25,5.52
2010-02-26,5.46
2010-03-01,5.57
2010-03-02,5.63
2010-03-03,5.72
2010-03-04,5.56
2010-03-05,5.74
2010-03-08,5.74
2010-03-09,5.79
2010-03-10,5.67
2010-03-11,5.59
2010-03-12,5.67
2010-03-15,5.56
2010-03-16,5.59
2010-03-17,5.76
2010-03-18,5.78
2010-03-19,5.88
2010-03-22,5.86
2010-03-23,5.72
2010-03-24,5.76
2010-03-25,5.85
2010-03-26,6.44
2010-03-29,6.12
2010-03-30,6.1
2010-03-31,6.0
2010-04-01,6.11
2010-04-02,6.06
2010-04-06,6.1
2010-04-07,6.06
2010-04-08,5.94
2010-04-09,5.98
2010-04-12,6.01
2010-04-13,5.87
2010-04-14,5.93
2010-04-15,5.88
2010-04-16,5.8
2010-04-19,5.61
2010-04-21,5.78
2010-04-22,5.67
2010-04-23,5.53
2010-04-26,5.56
2010-04-27,5.35
2010-04-28,5.41
2010-04-29,5.34
2010-04-30,5.21
2010-05-04,5.11
2010-05-05,5.18
2010-05-06,4.99
2010-05-07,4.98
2010-05-10,5.07
2010-05-11,5.07
2010-05-12,5.15
2010-05-13,5.14
2010-05-14,5.05
2010-05-17,4.56
2010-05-18,4.53
2010-05-19,4.47
2010-05-20,4.3
2010-05-21,4.25
2010-05-24,4.45
2010-05-25,4.5
2010-05-26,4.52
2010-05-27,4.57
2010-05-28,4.6
2010-05-31,4.51
2010-06-01,4.4
2010-06-02,4.47
2010-06-03,4.43
2010-06-04,4.52
2010-06-07,4.52
2010-06-08,4.6
2010-06-09,4.72
2010-06-10,4.84
2010-06-11,4.85
2010-06-17,4.91
2010-06-18,4.71
2010-06-21,4.85
2010-06-22,4.95
2010-06-23,4.83
2010-06-24,4.82
2010-06-25,4.65
2010-06-28,4.59
2010-06-29,4.31
2010-06-30,4.21
2010-07-01,4.24
2010-07-02,4.4
2010-07-05,4.38
2010-07-06,4.44
2010-07-07,4.5
2010-07-08,4.53
2010-07-09,4.65
2010-07-12,4.63
2010-07-13,4.61
2010-07-14,4.63
2010-07-15,4.62
2010-07-16,4.55
2010-07-19,4.64
2010-07-20,4.72
2010-07-21,4.73
2010-07-22,4.82
2010-07-23,4.76
2010-07-27,5.08
2010-07-28,5.2
2010-07-29,5.2
2010-07-30,5.32
2010-08-02,5.29
2010-08-03,5.13
2010-08-04,5.24
2010-08-05,5.22
2010-08-06,5.23
2010-08-09,5.3
2010-08-10,5.05
2010-08-11,5.1
2010-08-12,4.93
2010-08-13,5.02
2010-08-16,5.2
2010-08-17,5.18
2010-08-18,5.2
2010-08-19,5.35
2010-08-20,5.41
2010-08-23,5.49
2010-08-24,5.74
2010-08-25,5.79
2010-08-26,5.54
2010-08-27,5.55
2010-08-30,5.6
2010-08-31,5.51
2010-09-01,5.43
2010-09-02,5.54
2010-09-03,5.63
2010-09-06,5.54
2010-09-07,5.68
2010-09-08,5.64
2010-09-09,5.42
2010-09-10,5.42
2010-09-13,5.47
2010-09-14,5.44
2010-09-15,5.31
2010-09-16,5.15
2010-09-17,5.17
2010-09-20,5.16
2010-09-21,5.22
2010-09-27,5.29
2010-09-28,5.24
2010-09-29,5.18
2010-09-30,5.24
2010-10-08,5.37
2010-10-11,5.4
2010-10-12,5.41
2010-10-13,5.41
2010-10-14,5.4
2010-10-15,5.3
2010-10-18,5.22
2010-10-19,5.29
2010-10-20,5.23
2010-10-21,5.27
2010-10-22,5.28
2010-10-25,5.35
2010-10-26,5.28
2010-10-27,5.5
2010-10-28,5.5
2010-10-29,5.38
2010-11-01,5.4
2010-11-02,5.55
2010-11-03,5.43
2010-11-04,5.48
2010-11-05,5.5
2010-11-08,5.56
2010-11-09,5.63
2010-11-10,5.52
2010-11-11,5.7
2010-11-12,5.51
2010-11-15,6.0
2010-11-16,5.81
2010-11-17,5.78
2010-11-18,6.02
2010-11-19,6.17
2010-11-22,6.04
2010-11-23,5.64
2010-11-24,5.74
2010-11-25,5.73
2010-11-26,5.65
2010-11-29,5.59
2010-11-30,5.34
2010-12-01,5.39
2010-12-02,5.37
2010-12-03,5.3
2010-12-06,5.41
2010-12-07,5.39
2010-12-08,5.32
2010-12-09,5.13
2010-12-10,5.2
2010-12-13,5.34
2010-12-14,5.34
2010-12-15,5.45
2010-12-16,5.39
2010-12-17,5.3
2010-12-20,5.14
2010-12-21,5.41
2010-12-22,5.33
2010-12-23,5.19
2010-12-24,5.22
2010-12-27,5.0
2010-12-28,4.89
2010-12-29,4.95
2010-12-30,4.92
2010-12-31,5.02
2011-01-04,5.1
2011-01-05,5.1
2011-01-06,5.09
2011-02-10,5.6
2011-02-11,5.59
2011-02-14,5.54
2011-02-15,5.5
2011-02-16,5.5
2011-02-17,5.44
2011-02-18,5.46
2011-02-21,5.53
2011-02-22,5.27
2011-02-23,5.29
2011-02-24,5.37
2011-02-25,5.34
2011-02-28,5.43
2011-03-01,5.44
2011-03-02,5.5
2011-03-03,5.38
2011-03-04,5.56
2011-03-07,5.57
2011-03-08,5.53
2011-03-09,5.54
2011-03-10,5.42
2011-03-11,5.43
2011-03-14,5.43
2011-03-15,5.32
2011-03-16,5.35
2011-03-17,5.23
2011-03-18,5.25
2011-03-21,5.24
2011-03-22,5.21
2011-03-23,5.29
2011-03-24,5.45
2011-03-25,5.42
2011-03-28,5.53
2011-03-29,5.59
2011-03-30,5.58
2011-03-31,5.44
2011-04-01,5.47
2011-04-06,5.65
2011-04-07,5.69
2011-04-08,5.65
2011-04-11,5.57
2011-04-12,5.78
2011-04-13,5.77
2011-04-14,5.7
2011-04-15,5.66
2011-04-18,5.97
2011-04-19,5.93
2011-04-20,5.81
2011-04-22,5.93
2011-04-25,5.72
2011-04-26,5.5
2011-04-27,5.4
2011-04-28,5.36
2011-04-29,5.36
2011-05-03,5.47
2011-05-04,5.3
2011-05-05,5.37
2011-05-06,5.3
2011-05-09,5.41
2011-05-10,5.41
2011-05-11,5.41
2011-05-12,5.56
2011-05-13,5.57
2011-05-16,5.46
2011-05-17,5.61
2011-05-18,5.6
2011-05-19,5.52
2011-05-20,5.43
2011-05-23,5.11
2011-05-24,5.13
2011-05-25,5.01
2011-05-26,5.04
2011-05-27,5.09
2011-05-30,4.92
2011-05-31,5.0
2011-06-01,5.05
2011-06-02,4.97
2011-06-03,5.04
2011-06-07,5.07
2011-06-08,5.08
2011-06-09,5.0
2011-06-10,5.0
2011-06-13,4.99
2011-06-14,5.21
2011-06-15,5.13
2011-06-16,5.0
2011-06-17,4.96
2011-06-20,4.82
2011-06-21,4.86
2011-06-22,4.81
2011-06-23,4.85
2011-06-24,4.93
2011-06-27,4.97
2011-06-28,4.97
2011-06-29,4.86
2011-06-30,4.9
2011-07-01,4.91
2011-07-04,5.02
2011-07-05,5.01
2011-07-06,5.05
2011-07-07,5.0
2011-07-08,5.0
2011-07-11,4.93
2011-07-12,4.87
2011-07-13,4.95
2011-07-14,4.98
2011-07-15,4.98
2011-07-18,4.99
2011-07-19,4.92
2011-07-20,4.91
2011-07-21,4.81
2011-07-22,4.83
2011-07-25,4.57
2011-07-26,4.62
2011-07-27,4.66
2011-07-28,4.55
2011-07-29,4.52
2011-08-01,4.53
2011-08-02,4.44
2011-08-03,4.42
2011-08-04,4.45
2011-08-05,4.26
2011-08-08,3.99
2011-08-09,3.97
2011-08-10,4.0
2011-08-11,4.06
2011-08-12,4.16
2011-08-15,4.2
2011-08-16,4.16
2011-08-17,4.18
2011-08-18,4.1
2011-08-19,4.0
2011-08-22,4.0
2011-08-23,4.07
2011-08-24,4.03
2011-08-25,4.13
2011-08-26,4.13
2011-08-29,4.09
2011-08-30,4.16
2011-08-31,4.08
2011-09-01,4.03
2011-09-02,3.97
2011-09-05,3.91
2011-09-06,3.88
2011-09-07,3.97
2011-09-08,3.91
2011-09-09,3.89
2011-09-13,3.8
2011-09-14,3.87
2011-09-15,3.85
2011-09-16,3.86
2011-09-19,3.92
2011-09-20,3.99
2011-09-21,4.05
2011-09-22,3.97
2011-09-23,3.98
2011-09-26,3.8
2011-09-27,3.83
2011-09-28,3.87
2011-09-29,3.71
2011-09-30,3.79
2011-10-10,3.81
2011-10-11,3.7
2011-10-12,3.79
2011-10-13,3.86
2011-10-14,3.85
2011-10-17,3.8
2011-10-18,3.68
2011-10-19,3.68
2011-10-20,3.49
2011-10-21,3.42
2011-10-24,3.53
2011-10-25,3.58
2011-10-26,3.58
2011-10-27,3.61
2011-10-28,3.66
2011-10-31,4.03
2011-12-29,3.63
2011-12-30,3.27
2012-01-04,2.94
2012-01-05,2.65
2012-01-06,2.59
2012-01-09,2.68
2012-01-10,2.84
2012-01-11,2.77
2012-01-12,2.79
2012-01-13,2.72
2012-01-16,2.62
2012-01-17,2.82
2012-01-18,2.77
2012-01-19,2.78
2012-01-20,2.81
2012-01-30,2.81
2012-01-31,2.79
2012-02-01,2.76
2012-02-02,2.8
2012-02-03,2.93
2012-02-06,2.98
2012-02-08,2.99
2012-02-09,3.01
2012-02-10,3.02
2012-02-13,3.06
2012-02-14,3.06
2012-02-15,3.16
2012-02-16,3.18
2012-02-17,3.16
2012-02-20,3.16
2012-02-21,3.13
2012-02-22,3.16
2012-02-23,3.21
2012-02-24,3.25
2012-02-28,3.28
2012-02-29,3.18
2012-03-01,3.16
2012-03-02,3.21
2012-03-05,3.22
2012-03-06,3.17
2012-03-07,3.16
2012-03-08,3.2
2012-03-09,3.26
2012-03-12,3.24
2012-03-13,3.31
2012-03-14,3.17
2012-03-15,3.06
2012-03-16,3.37
2012-03-19,3.39
2012-03-20,3.31
2012-03-21,3.35
2012-03-22,3.28
2012-03-23,3.17
2012-03-26,3.16
2012-03-27,3.13
2012-03-28,2.93
2012-03-29,2.86
2012-03-30,2.87
2012-04-05,3.03
2012-04-06,3.02
2012-04-10,3.02
2012-04-11,3.04
2012-04-12,3.08
2012-04-13,3.12
2012-04-16,3.18
2012-04-17,3.23
2012-04-18,3.24
2012-04-19,3.2
2012-04-20,3.24
2012-04-23,3.14
2012-04-24,3.07
2012-04-25,3.11
2012-04-26,3.08
2012-04-27,2.99
2012-05-02,2.93
2012-05-03,2.85
2012-05-04,2.87
2012-05-07,2.93
2012-05-08,2.93
2012-05-09,2.86
2012-05-10,2.87
2012-05-11,2.79
2012-05-14,2.8
2012-05-15,2.79
2012-05-16,2.79
2012-05-18,3.07
2012-05-21,2.97
2012-05-22,2.87
2012-05-23,2.81
2012-05-24,2.84
2012-05-25,2.77
2012-05-28,2.77
2012-05-29,2.82
2012-05-30,2.79
2012-05-31,2.8
2012-06-01,2.79
2012-06-04,2.71
2012-06-05,2.74
2012-06-06,2.75
2012-06-07,2.75
2012-06-08,2.76
2012-06-11,2.8
2012-06-12,2.76
2012-06-13,2.78
2012-06-14,2.76
2012-06-15,2.76
2012-06-18,2.78
2012-06-19,2.74
2012-06-20,2.74
2012-06-21,2.7
2012-06-25,2.62
2012-06-26,2.62
2012-06-27,2.63
2012-06-28,2.58
2012-06-29,2.59
2012-07-02,2.63
2012-07-03,2.65
2012-07-04,2.6
2012-07-05,2.52
2012-07-06,2.62
2012-07-09,2.54
2012-07-10,2.57
2012-07-11,2.58
2012-07-12,2.59
2012-07-13,2.6
2012-07-16,2.51
2012-07-17,2.46
2012-07-18,2.45
2012-07-19,2.47
2012-07-20,2.47
2012-07-23,2.42
2012-07-24,2.44
2012-07-25,2.41
2012-07-26,2.41
2012-07-27,2.38
2012-07-30,2.15
2012-07-31,2.04
2012-08-01,2.05
2012-08-02,2.03
2012-08-03,2.06
2012-08-06,2.11
2012-08-07,2.16
2012-08-08,2.14
2012-08-09,2.17
2012-08-10,2.16
2012-08-13,2.09
2012-08-14,2.09
2012-08-15,2.08
2012-08-16,2.09
2012-08-17,2.08
2012-08-20,2.08
2012-08-21,2.11
2012-08-22,2.18
2012-08-23,2.22
2012-08-24,2.13
2012-08-27,2.13
2012-08-28,2.12
2012-08-29,2.12
2012-08-30,2.06
2012-08-31,2.08
2012-09-03,2.09
2012-09-04,2.06
2012-09-05,2.07
2012-09-06,2.13
2012-09-07,2.18
2012-09-10,2.2
2012-09-11,2.18
2012-09-12,2.21
2012-09-13,2.17
2012-09-14,2.23
2012-09-17,2.15
2012-09-18,2.13
2012-09-19,2.13
2012-09-20,2.07
2012-09-21,2.1
2012-09-24,2.08
2012-09-25,2.08
2012-09-26,2.1
2012-09-27,2.31
2012-09-28,2.54
2012-10-08,2.79
2012-10-09,3.07
2012-10-10,3.38
2012-10-11,3.3
2012-10-12,3.25
2012-10-15,3.24
2012-10-16,3.26
2012-10-17,3.59
2012-10-18,3.71
2012-10-19,3.49
2012-10-22,3.48
2012-10-23,3.47
2012-10-24,3.29
2012-10-25,3.11
2012-10-26,3.06
2012-10-29,2.99
2012-10-30,2.95
2012-10-31,2.99
2012-11-01,3.06
2012-11-02,3.02
2012-11-05,3.08
2012-11-06,3.07
2012-11-07,2.82
2012-11-08,2.73
2012-11-09,2.71
2012-11-12,2.71
2012-11-13,2.62
2012-11-14,2.68
2012-11-15,2.63
2012-11-16,2.6
2012-11-19,2.63
2012-11-20,2.65
2012-11-21,2.68
2012-11-22,2.61
2012-11-23,2.58
2012-11-26,2.45
2012-11-27,2.32
2012-11-28,2.33
2012-11-29,2.33
2012-11-30,2.56
2012-12-03,2.82
2012-12-04,3.03
2012-12-05,2.99
2012-12-06,2.96
2012-12-07,3.02
2012-12-10,3.06
2012-12-11,2.93
2012-12-12,3.22
2012-12-13,3.14
2012-12-14,3.16
2012-12-17,3.04
2012-12-18,3.01
2012-12-19,3.02
2012-12-20,2.97
2012-12-21,2.99
2012-12-24,3.29
2012-12-25,3.27
2012-12-26,3.24
2012-12-27,3.15
2012-12-28,3.18
2012-12-31,3.14
2013-01-04,3.16
2013-01-07,3.13
2013-01-08,3.18
2013-01-09,3.15
2013-01-10,3.15
2013-01-11,2.99
2013-01-14,3.03
2013-01-15,3.06
2013-01-16,3.18
2013-01-17,3.08
2013-01-18,3.11
2013-01-21,3.13
2013-01-22,3.05
2013-01-23,3.06
2013-01-24,2.99
2013-01-25,3.0
2013-01-28,3.05
2013-01-29,3.12
2013-01-30,3.17
2013-01-31,3.1
2013-02-01,3.04
2013-02-04,3.02
2013-02-05,3.03
2013-02-06,3.07
2013-02-07,3.04
2013-02-08,3.05
2013-02-18,3.08
2013-02-19,3.39
2013-02-20,3.32
2013-02-21,3.15
2013-02-22,3.14
2013-02-25,3.26
2013-02-26,3.23
2013-02-27,3.26
2013-02-28,3.3
2013-03-01,3.29
2013-03-04,3.13
2013-03-05,3.16
2013-03-06,3.18
2013-03-07,3.21
2013-03-08,3.27
2013-03-11,3.3
2013-03-12,3.2
2013-03-13,3.39
2013-03-14,3.38
2013-03-15,3.32
2013-03-18,3.21
2013-03-19,3.37
2013-03-20,3.39
2013-03-21,3.57
2013-03-22,3.57
2013-03-25,3.69
2013-03-26,3.6
2013-03-27,3.57
2013-03-28,3.39
2013-03-29,3.33
2013-04-01,3.29
2013-04-02,3.33
2013-04-03,3.25
2013-04-08,3.05
2013-04-09,3.04
2013-04-10,3.0
2013-04-11,2.9
2013-04-12,2.81
2013-04-15,2.75
2013-04-16,2.79
2013-04-17,2.97
2013-04-18,2.89
2013-04-19,2.9
2013-04-22,2.84
2013-04-23,2.65
2013-04-25,2.52
2013-04-26,2.39
2013-05-02,2.43
2013-05-03,2.39
2013-05-06,2.45
2013-05-07,2.57
2013-05-08,2.54
2013-05-09,2.54
2013-05-10,2.55
2013-05-13,2.61
2013-05-14,2.54
2013-05-15,2.56
2013-05-16,2.55
2013-05-17,2.54
2013-05-20,2.55
2013-05-21,2.57
2013-05-22,2.57
2013-05-23,2.61
2013-05-24,2.57
2013-05-27,2.6
2013-05-28,2.73
2013-05-29,2.81
2013-05-30,2.8
2013-05-31,2.79
2013-06-03,2.78
2013-06-04,2.78
2013-06-05,2.74
2013-06-06,2.71
2013-06-07,2.7
2013-06-13,2.57
2013-06-14,2.59
2013-06-17,2.62
2013-06-18,2.65
2013-06-19,2.65
2013-06-20,2.56
2013-06-21,2.5
2013-06-24,2.38
2013-06-25,2.26
2013-06-26,2.3
2013-06-27,2.2
2013-06-28,2.18
2013-07-01,2.24
2013-07-02,2.27
2013-07-03,2.22
2013-07-04,2.22
2013-07-12,2.33
2013-07-15,2.45
2013-07-16,2.48
2013-07-17,2.54
2013-07-18,2.62
2013-07-19,2.51
2013-07-22,2.46
2013-07-23,2.5
2013-07-24,2.49
2013-07-25,2.42
2013-07-26,2.46
2013-07-29,2.47
2013-07-30,2.49
2013-07-31,2.46
2013-08-01,2.49
2013-08-02,2.47
2013-08-05,2.59
2013-08-06,2.58
2013-08-07,2.55
2013-08-08,2.55
2013-08-09,2.55
2013-08-12,2.62
2013-08-13,2.65
2013-08-14,2.63
2013-08-15,2.65
2013-08-16,2.61
2013-08-19,2.63
2013-08-20,2.66
2013-08-21,2.79
2013-08-22,2.93
2013-08-23,2.89
2013-08-26,2.88
2013-08-27,2.84
2013-08-28,2.83
2013-08-29,2.83
2013-08-30,2.88
2013-09-02,2.78
2013-09-03,2.77
2013-09-04,2.82
2013-09-05,2.78
2013-09-06,2.81
2013-09-09,2.79
2013-09-10,2.93
2013-09-11,2.9
2013-09-12,2.86
2013-09-13,2.86
2013-09-16,2.82
2013-09-17,2.79
2013-09-18,2.8
2013-09-23,2.75
2013-09-24,2.74
2013-09-25,2.66
2013-09-26,2.53
2013-09-27,2.54
2013-09-30,2.6
2013-10-08,2.6
2013-10-09,2.61
2013-10-10,2.59
2013-10-11,2.72
2013-10-14,2.79
2013-10-15,2.72
2013-10-16,2.72
2013-10-17,2.8
2013-10-18,2.77
2013-10-21,2.74
2013-10-22,2.77
2013-10-23,2.79
2013-10-24,2.73
2013-10-25,2.59
2013-10-28,2.58
2013-10-29,2.68
2013-10-30,2.64
2013-10-31,2.56
2013-11-01,2.61
2013-11-04,2.6
2013-11-05,2.64
2013-11-06,2.63
2013-11-07,2.64
2013-11-08,2.58
2013-11-11,2.57
2013-11-12,2.57
2013-11-13,2.44
2013-11-14,2.45
2013-11-15,2.49
2013-11-18,2.5
2013-11-19,2.48
2013-11-20,2.52
2013-11-21,2.49
2013-11-22,2.5
2013-11-29,2.63
2013-12-02,2.76
2013-12-03,2.67
2013-12-04,2.65
2013-12-05,2.53
2013-12-06,2.66
2013-12-09,2.69
2013-12-10,2.71
2013-12-11,2.66
2013-12-12,2.61
2013-12-13,2.6
2013-12-16,2.56
2013-12-17,2.55
2013-12-18,2.55
2013-12-19,2.68
2013-12-20,2.63
2013-12-23,2.71
2013-12-24,2.69
2013-12-25,2.66
2013-12-26,2.53
2015-12-18,21.2
2015-12-21,19.08
2015-12-22,17.17
2015-12-23,16.88
2015-12-24,15.19
2015-12-25,14.52
2015-12-28,13.33
2015-12-29,13.58
2015-12-30,13.02
2015-12-31,12.17
2016-01-04,11.81
2016-01-05,12.99
2016-01-06,13.11
2016-01-07,11.8
2016-01-08,12.32
2016-01-11,11.09
2016-01-12,10.91
2016-01-13,9.88
2016-01-14,10.31
2016-01-15,9.84
2016-01-18,10.23
2016-01-19,10.45
2016-01-20,10.62
2016-01-21,9.67
2016-01-22,10.0
2016-01-25,10.13
2016-01-26,9.12
2016-01-27,9.12
2016-01-28,8.78
2016-01-29,9.1
2016-02-01,8.89
2016-02-02,9.25
2016-02-03,9.62
2016-02-04,9.78
2016-02-05,9.93
2016-02-15,10.32
2016-02-16,11.35
2016-02-17,12.49
2016-02-18,12.98
2016-02-19,12.3
2016-02-22,12.38
2016-02-23,12.73
2016-02-24,12.26
2016-02-25,11.09
2016-02-26,10.96
2016-02-29,9.86
2016-03-01,9.67
2016-03-02,10.47
2016-03-03,10.09
2016-03-04,9.39
2016-03-07,9.59
2016-03-08,9.62
2016-03-09,9.14
2016-03-10,9.09
2016-03-11,8.95
2016-03-14,9.33
2016-03-15,9.18
2016-03-16,9.25
2016-03-17,9.53
2016-03-18,9.93
2016-03-21,10.19
2016-03-22,10.15
2016-03-23,10.25
2016-03-24,10.03
2016-03-25,10.01
2016-03-28,9.73
2016-03-29,9.18
2016-03-30,9.48
2016-03-31,9.45
2016-04-01,9.25
2016-04-05,10.18
2016-04-06,11.2
2016-04-07,11.33
2016-04-08,11.49
2016-04-11,11.15
2016-04-12,10.71
2016-04-13,10.67
2016-04-14,10.71
2016-04-15,10.55
2016-04-18,10.6
2016-04-19,10.47
2016-04-20,9.53
2016-04-21,9.33
2016-04-22,9.51
2016-04-25,9.37
2016-04-26,9.46
2016-04-27,9.43
2016-04-28,9.33
2016-04-29,9.31
2016-05-03,10.24
2016-05-04,10.0
2016-05-05,9.9
2016-05-06,9.65
2016-05-09,9.15
2016-05-10,9.36
2016-05-11,9.21
2016-05-12,9.29
2016-05-13,9.28
2016-05-16,9.37
2016-05-17,9.25
2016-05-18,8.99
2016-05-19,9.0
2016-05-20,9.08
2016-05-23,9.18
2016-05-24,9.03
2016-05-25,8.99
2016-05-26,8.93
2016-05-27,9.04
2016-05-30,8.89
2016-05-31,9.26
2016-06-01,9.21
2016-06-02,9.28
2016-06-03,9.26
2016-06-06,9.26
2016-06-07,9.15
2016-06-08,9.19
2016-06-13,8.62
2016-06-14,8.58
2016-06-15,8.72
2016-06-16,9.01
2016-06-17,8.92
2016-06-20,8.85
2016-06-21,8.74
2016-06-22,8.83
2016-06-23,8.85
2016-06-24,8.59
2016-06-27,8.73
2016-06-28,9.03
2016-06-29,9.12
2016-06-30,9.03
2016-07-01,9.06
2016-07-04,9.12
2016-07-05,9.43
2016-07-06,9.18
2016-07-07,9.11
2016-07-08,9.12
2016-07-11,9.02
2016-07-12,9.12
2016-07-13,9.17
2016-07-14,9.08
2016-07-15,9.03
2016-07-18,8.8
2016-07-19,8.88
2016-07-20,8.79
2016-07-21,8.75
2016-07-22,8.76
2016-07-25,8.7
2016-07-26,8.74
2016-07-27,8.34
2016-07-28,8.34
2016-07-29,8.24
2016-08-01,8.08
2016-08-02,8.12
2016-08-03,8.13
2016-08-04,8.15
2016-08-05,8.1
2016-08-08,8.12
2016-08-09,8.17
2016-08-10,8.16
2016-08-11,8.05
2016-08-12,8.11
2016-08-15,8.21
2016-08-16,8.12
2016-08-17,8.07
2016-08-18,8.08
2016-08-19,8.0
2016-08-22,7.88
2016-08-23,7.84
2016-08-24,7.84
2016-08-25,7.7
2016-08-26,7.69
2016-08-29,7.87
2016-08-30,7.73
2016-08-31,7.75
2016-09-01,7.67
2016-09-02,7.61
2016-09-05,7.61
2016-09-06,7.69
2016-09-07,7.65
2016-09-08,7.63
2016-09-09,7.59
2016-09-12,7.23
2016-09-13,7.19
2016-09-14,7.08
2016-09-19,7.1
2016-09-20,7.04
2016-09-21,7.33
2016-09-22,7.22
2016-09-23,7.1
2016-09-26,6.67
2016-09-27,6.69
2016-09-28,6.64
2016-09-29,6.64
2016-09-30,6.67
2016-10-10,6.84
2016-10-11,7.52
2016-10-12,7.49
2016-10-13,7.83
2016-10-14,7.55
2016-10-17,7.41
2016-10-18,7.49
2016-10-19,7.47
2016-10-20,7.48
2016-10-21,7.38
2016-10-24,7.43
2016-10-25,7.45
2016-10-26,7.42
2016-10-27,7.36
2016-10-28,7.36
2016-10-31,7.22
2016-11-01,7.29
2016-11-02,7.07
2016-11-03,7.12
2016-11-04,7.04
2016-11-07,7.05
2016-11-08,7.14
2016-11-09,7.0
2016-11-10,7.26
2016-11-11,7.22
2016-11-14,7.33
2016-11-15,7.46
2016-11-16,7.58
2016-11-17,7.97
2016-11-18,7.56
2016-11-21,7.46
2016-11-22,7.48
2016-11-23,7.35
2016-11-24,7.26
2016-11-25,7.29
2016-11-28,7.39
2016-11-29,7.2
2016-11-30,7.13
2016-12-01,7.16
2016-12-02,7.05
2016-12-05,7.06
2016-12-06,7.16
2016-12-07,7.22
2016-12-08,7.33
2016-12-09,7.3
2016-12-12,6.98
2016-12-13,7.04
2016-12-14,7.29
2016-12-15,7.47
2016-12-16,7.49
2016-12-19,7.53
2016-12-20,7.42
2016-12-21,7.45
2016-12-22,7.44
2016-12-23,7.28
2016-12-26,7.71
2016-12-27,7.9
2016-12-28,7.9
2017-01-12,8.69
2017-01-13,7.86
2017-01-16,7.54
2017-01-17,7.8
2017-01-18,7.85
2017-01-19,7.54
2017-01-20,7.66
2017-01-23,7.67
2017-01-24,7.54
2017-01-25,7.52
2017-01-26,7.6
2017-02-03,7.74
2017-02-06,7.95
2017-02-07,7.92
2017-02-08,7.91
2017-02-09,7.9
2017-02-10,7.89
2017-02-13,8.11
2017-02-14,8.01
2017-02-15,7.84
2017-02-16,7.86
2017-02-17,7.99
2017-02-20,8.08
2017-02-21,8.09
2017-02-22,8.08
2017-02-23,8.06
2017-02-24,8.04
2017-02-27,7.92
2017-02-28,7.9
2017-03-01,8.04
2017-03-02,8.0
2017-03-03,7.92
2017-03-06,7.99
2017-03-07,7.98
2017-03-08,8.37
2017-03-09,8.23
2017-03-10,8.09
2017-03-13,8.06
2017-03-14,8.03
2017-03-15,7.96
2017-03-16,8.03
2017-03-17,7.92
2017-03-20,7.95
2017-03-21,7.95
2017-03-22,8.05
2017-03-23,8.0
2017-03-24,8.05
2017-03-27,8.05
2017-03-28,8.08
2017-03-29,8.28
2017-03-30,8.0
2017-03-31,8.1
2017-04-05,8.11
2017-04-06,8.17
2017-04-07,8.1
2017-04-10,8.01
2017-04-11,8.18
2017-04-12,8.03
2017-04-13,8.03
2017-04-14,7.71
2017-04-17,7.52
2017-04-18,7.54
2017-04-19,6.84
2017-04-20,6.71
2017-04-21,6.67
2017-04-24,6.27
2017-04-25,6.33
2017-04-26,6.36
2017-04-27,6.32
2017-04-28,6.61
2017-05-02,6.41
2017-05-03,6.36
2017-05-04,6.37
2017-05-05,6.33
2017-05-08,6.25
2017-05-09,6.27
2017-05-10,6.21
2017-05-11,5.97
2017-05-12,5.81
2017-05-15,5.81
2017-05-16,6.12
2017-05-17,6.17
2017-05-18,6.15
2017-05-19,6.09
2017-05-22,5.91
2017-05-23,5.65
2017-05-24,5.66
2017-05-25,5.76
2017-05-26,5.76
2017-05-31,5.77
2017-06-01,5.6
2017-06-02,5.67
2017-06-05,5.71
2017-06-06,5.91
2017-06-07,5.97
2017-06-08,5.94
2017-06-09,6.06
2017-06-12,5.97
2017-06-13,6.02
2017-06-14,6.06
2017-06-15,6.08
2017-06-16,6.07
2017-06-19,5.94
2017-06-20,5.86
2017-06-21,6.17
2017-06-22,5.93
2017-06-23,5.91
2017-06-26,5.93
2017-06-27,5.9
2017-06-28,5.85
2017-06-29,5.86
2017-06-30,5.79
2017-07-03,5.84
2017-07-04,5.85
2017-07-05,5.88
2017-07-06,5.93
2017-07-07,5.84
2017-07-10,5.81
2017-07-11,5.72
2017-07-12,5.78
2017-07-13,5.84
2017-07-14,5.77
2017-07-17,5.41
2017-07-18,5.56
2017-07-19,5.59
2017-07-20,5.57
2017-07-21,5.58
2017-07-24,5.87
2017-07-25,5.73
2017-07-26,5.67
2017-07-27,5.7
2017-07-28,5.71
2017-07-31,5.71
2017-08-01,5.74
2017-08-02,5.66
2017-08-03,5.78
2017-08-04,5.69
2017-08-07,5.7
2017-08-08,5.75
2017-08-09,5.81
2017-08-10,5.78
2017-08-11,5.6
2017-08-14,5.68
2017-08-15,5.71
2017-08-16,5.8
2017-08-17,5.81
2017-08-18,5.84
2017-08-21,5.87
2017-08-22,5.78
2017-08-23,5.79
2017-08-24,5.73
2017-08-25,5.77
2017-08-28,5.81
2017-08-29,5.8
2017-08-30,5.77
2017-08-31,5.81
2017-09-01,5.8
2017-09-04,5.68
2017-09-05,5.67
2017-09-06,5.59
2017-09-07,5.5
2017-09-08,5.48
2017-09-11,5.48
2017-09-12,5.43
2017-09-13,5.43
2017-09-14,5.44
2017-09-15,5.41
2017-09-18,5.41
2017-09-19,5.4
2017-09-20,5.37
2017-09-21,5.28
2017-09-22,5.21
2017-09-25,5.14
2017-09-26,5.14
2017-09-27,5.19
2017-09-28,5.15
2017-09-29,5.22
2017-10-09,5.26
2017-10-10,5.28
2017-10-11,5.26
2017-10-12,5.25
2017-10-13,5.47
2017-10-16,5.47
2017-10-17,5.45
2017-10-18,5.31
2017-10-19,5.35
2017-10-20,5.45
2017-10-23,5.42
2017-10-24,5.22
2017-10-25,5.21
2017-10-26,5.18
2017-10-27,5.16
2017-10-30,5.0
2017-10-31,5.04
2017-11-01,5.0
2017-11-02,4.93
2017-11-03,4.85
2017-11-06,4.85
2017-11-07,4.93
2017-11-08,4.85
2017-11-09,4.85
2017-11-10,4.82
2017-11-13,4.78
2017-11-14,4.71
2017-11-15,4.6
2017-11-16,4.57
2017-11-17,4.41
2017-11-20,4.51
2017-11-21,4.57
2017-11-22,4.52
2017-11-23,4.45
2017-11-24,4.44
2017-11-27,4.4
2017-11-28,4.41
2017-11-29,4.36
2017-11-30,4.27
2017-12-01,4.32
2017-12-04,4.23
2017-12-05,4.05
2017-12-06,4.04
2017-12-07,4.03
2017-12-08,4.08
2017-12-11,4.08
2017-12-12,4.03
2017-12-13,4.07
2017-12-14,4.13
2017-12-15,4.1
2017-12-18,4.06
2017-12-19,4.06
2017-12-20,4.06
2017-12-21,4.02
2017-12-22,4.04
2017-12-25,3.98
2017-12-26,4.02
2017-12-27,4.01
2017-12-28,3.99
2017-12-29,4.02
2018-01-02,4.04
2018-01-03,4.09
2018-01-04,4.1
2018-01-05,4.16
2018-01-08,4.19
2018-01-09,4.2
2018-01-10,4.14
2018-01-11,4.16
2018-01-12,4.14
2018-01-15,4.01
2018-01-16,4.04
2018-01-17,4.02
2018-01-18,4.01
2018-01-19,3.97
2018-01-22,3.91
2018-01-23,3.9
2018-01-24,3.87
2018-01-25,3.89
2018-01-26,3.92
2018-01-29,3.85
2018-01-30,3.86
2018-01-31,3.69
2018-02-01,3.41
2018-02-02,3.29
2018-02-05,3.28
2018-02-06,3.06
2018-02-07,3.11
2018-02-08,3.17
2018-02-09,3.06
2018-02-12,3.16
2018-02-13,3.17
2018-02-14,3.18
2018-02-22,3.25
2018-02-23,3.22
2018-02-26,3.3
2018-02-27,3.34
2018-02-28,3.32
2018-03-01,3.38
2018-03-02,3.32
2018-03-05,3.33
2018-03-06,3.35
2018-03-07,3.42
2018-03-08,3.4
2018-03-09,3.74
2018-03-12,3.66
2018-03-13,3.67
2018-03-14,3.56
2018-03-15,3.56
2018-03-16,3.51
2018-03-19,3.53
2018-03-20,3.58
2018-03-21,3.53
2018-03-22,3.51
2018-03-23,3.2
2018-03-26,3.23
2018-03-27,3.29
2018-03-28,3.25
2018-03-29,3.3
2018-03-30,3.33
2018-04-02,3.3
2018-04-03,3.25
2018-04-04,3.22
2018-04-09,3.29
2018-04-10,3.32
2018-04-11,3.3
2018-04-12,3.29
2018-04-13,3.28
2018-04-16,3.33
2018-04-17,3.24
2018-04-18,3.27
2018-04-19,3.29
2018-04-20,3.26
2018-04-23,3.21
2018-04-24,3.31
2018-04-25,3.29
2018-04-26,3.18
2018-04-27,3.2
2018-05-02,3.16
2018-05-03,3.17
2018-05-04,3.18
2018-05-07,3.22
2018-05-08,3.24
2018-05-09,3.21
2018-05-10,3.24
2018-05-11,3.31
2018-05-14,3.47
2018-05-15,3.46
2018-05-16,3.45
2018-05-17,3.59
2018-05-18,3.53
2018-05-21,3.57
2018-05-22,3.64
2018-05-23,3.65
2018-05-24,3.58
2018-05-25,3.54
2018-05-28,3.59
2018-05-29,3.54
2018-05-30,3.5
2018-05-31,3.53
2018-06-01,3.44
2018-06-04,3.42
2018-06-05,3.44
2018-06-06,3.41
2018-06-07,3.36
2018-06-08,3.38
2018-06-11,3.27
2018-06-12,3.2
2018-06-13,3.12
2018-06-14,3.12
2018-06-15,3.04
2018-06-19,2.74
2018-06-20,2.73
2018-06-21,2.66
2018-06-22,2.74
2018-06-25,3.01
2018-06-26,2.92
2018-06-27,2.87
2018-06-28,2.88
2018-06-29,3.06
2018-07-02,3.0
2018-07-03,3.03
2018-07-04,2.98
2018-07-05,2.91
2018-07-06,2.86
2018-07-09,2.93
2018-07-10,2.96
2018-07-11,2.89
2018-07-12,2.95
2018-07-13,2.98
2018-07-16,3.03
2018-07-17,3.04
2018-07-18,3.05
2018-07-19,3.01
2018-07-20,3.01
2018-07-23,3.02
2018-07-24,3.07
2018-07-25,3.08
2018-07-26,3.27
2018-07-27,3.14
2018-07-30,3.06
2018-07-31,3.16
2018-08-01,3.18
2018-08-02,3.37
2018-08-03,3.71
2018-08-06,3.43
2018-08-07,3.48
2018-08-08,3.55
2018-08-09,3.5
2018-08-10,3.41
2018-08-13,3.39
2018-08-14,3.41
2018-08-15,3.47
2018-08-16,3.4
2018-08-17,3.33
2018-08-20,3.37
2018-08-21,3.44
2018-08-22,3.38
2018-08-23,3.35
2018-08-24,3.29
2018-08-27,3.33
2018-08-28,3.28
2018-08-29,3.2
2018-08-30,3.24
2018-08-31,3.17
2018-09-03,3.22
2018-09-04,3.26
2018-09-05,3.25
2018-09-06,3.21
2018-09-07,3.25
2018-09-10,3.2
2018-09-11,3.22
2018-09-12,3.21
2018-09-13,3.28
2018-09-14,3.35
2018-09-17,3.37
2018-09-18,3.37
2018-09-19,3.4
2018-09-20,3.35
2018-09-21,3.41
2018-09-25,3.39
2018-09-26,3.37
2018-09-27,3.29
2018-09-28,3.34
2018-10-08,3.26
2018-10-09,3.3
2018-10-10,3.19
2018-10-11,2.87
2018-10-12,2.94
2018-10-15,3.0
2018-10-16,2.97
2018-10-17,2.99
2018-10-18,2.86
2018-10-19,2.92
2018-10-22,3.09
2018-10-23,3.05
2018-10-24,3.04
2018-10-25,3.0
2018-10-26,2.98
2018-10-29,2.91
2018-10-30,2.94
2018-10-31,2.96
2018-11-01,2.94
2018-11-02,3.0
2018-11-05,3.04
2018-11-06,3.0
2018-11-07,3.0
2018-11-08,3.05
2018-11-09,3.01
2018-11-12,3.08
2018-11-13,3.16
2018-11-14,3.23
2018-11-15,3.24
2018-11-16,3.24
2018-11-19,3.27
2018-11-20,3.18
2018-11-21,3.19
2018-11-22,3.19
2018-11-23,3.04
2018-11-26,3.05
2018-11-27,3.03
2018-11-28,3.07
2018-11-29,2.96
2018-11-30,2.96
2018-12-03,3.03
2018-12-04,3.07
2018-12-05,3.12
2018-12-06,3.06
2018-12-07,3.05
2018-12-10,3.03
2018-12-11,3.04
2018-12-12,3.02
2018-12-13,3.04
2018-12-14,2.96
2018-12-17,2.99
2018-12-18,3.01
2018-12-19,2.99
2018-12-20,3.02
2018-12-21,2.95
2018-12-24,2.93
2018-12-25,2.87
2018-12-26,2.86
2018-12-27,2.84
2018-12-28,2.88
2019-01-02,2.94
2019-01-03,2.95
2019-01-04,3.04
2019-01-07,3.11
2019-01-08,3.07
2019-01-09,3.04
2019-01-10,3.02
2019-01-11,3.0
2019-01-14,2.98
2019-01-15,3.02
2019-01-16,3.08
2019-01-17,3.06
2019-01-18,3.08
2019-01-21,3.09
2019-01-22,3.08
2019-01-23,3.1
2019-01-24,3.13
2019-01-25,3.15
2019-01-28,3.14
2019-01-29,3.13
2019-01-30,3.14
2019-01-31,3.09
2019-02-01,3.1
2019-02-11,3.12
2019-02-12,3.14
2019-02-13,3.12
2019-02-14,3.09
2019-02-15,3.12
2019-02-18,3.17
2019-02-19,3.41
2019-02-20,3.31
2019-02-21,3.3
2019-02-22,3.33
2019-02-25,3.43
2019-02-26,3.44
2019-02-27,3.42
2019-02-28,3.42
2019-03-01,3.4
2019-03-04,3.41
2019-03-05,3.45
2019-03-06,3.54
2019-03-07,3.64
2019-03-08,3.49
2019-03-11,3.65
2019-03-12,3.64
2019-03-13,3.54
2019-03-14,3.4
2019-03-15,3.41
2019-03-18,3.47
2019-03-19,3.46
2019-03-20,3.5
2019-03-21,3.52
2019-03-22,3.63
2019-03-25,3.58
2019-03-26,3.53
2019-03-27,3.58
2019-03-28,3.94
2019-03-29,3.95
2019-04-01,4.04
2019-04-02,3.94
2019-04-03,4.33
2019-04-04,4.2
2019-04-08,4.03
2019-04-09,4.14
2019-04-10,4.12
2019-04-11,4.14
2019-04-12,4.04
2019-04-15,4.04
2019-04-16,4.06
2019-04-17,4.05
2019-04-18,4.01
2019-04-19,4.03
2019-04-22,3.95
2019-04-23,3.81
2019-04-24,3.81
2019-04-25,3.63
2019-04-26,3.59
2019-04-29,3.36
2019-04-30,3.39
2019-05-06,3.2
2019-05-07,3.23
2019-05-08,3.24
2019-05-09,3.3
2019-05-10,3.4
2019-05-13,3.42
2019-05-14,3.41
2019-05-15,3.47
2019-05-16,3.45
2019-05-17,3.3
2019-05-20,3.37
2019-05-21,3.56
2019-05-22,3.47
2019-05-23,3.4
2019-05-24,3.45
2019-05-27,3.5
2019-05-28,3.47
2019-05-29,3.52
2019-05-30,3.46
2019-05-31,3.48
2019-06-03,3.44
2019-06-04,3.35
2019-06-05,3.32
2019-06-06,3.24
2019-06-10,3.33
2019-06-11,3.42
2019-06-12,3.5
2019-06-13,3.63
2019-06-14,3.59
2019-06-17,3.59
2019-06-18,3.6
2019-06-19,3.62
2019-06-20,3.59
2019-06-21,3.61
2019-06-24,3.58
2019-06-25,3.54
2019-06-26,3.51
2019-06-27,3.48
2019-06-28,3.43
2019-07-01,3.47
2019-07-02,3.54
2019-07-03,3.44
2019-07-04,3.43
2019-07-05,3.48
2019-07-08,3.32
2019-07-09,3.35
2019-07-10,3.31
2019-07-11,3.3
2019-07-12,3.36
2019-07-15,3.55
2019-07-16,3.58
2019-07-17,3.57
2019-07-18,3.54
2019-07-19,3.64
2019-07-22,3.78
2019-07-23,3.75
2019-07-24,3.83
2019-07-25,3.88
2019-07-26,3.91
2019-07-29,3.91
2019-07-30,3.96
2019-07-31,3.9
2019-08-01,3.89
2019-08-02,3.82
2019-08-05,3.87
2019-08-06,3.82
2019-08-07,3.84
2019-08-08,3.8
2019-08-09,3.95
2019-08-12,4.09
2019-08-13,4.07
2019-08-14,4.09
2019-08-15,4.16
2019-08-16,4.0
2019-08-19,3.92
2019-08-20,3.96
2019-08-21,4.13
2019-08-22,4.21
2019-08-23,4.32
2019-08-26,4.3
2019-08-27,4.28
2019-08-28,4.28
2019-08-29,4.21
2019-08-30,4.18
2019-09-02,4.2
2019-09-03,4.16
2019-09-04,4.22
2019-09-05,4.23
2019-09-06,4.28
2019-09-09,4.28
2019-09-10,4.24
2019-09-11,4.25
2019-09-12,4.29
2019-09-16,4.32
2019-09-17,4.21
2019-09-18,4.21
2019-09-19,4.17
2019-09-20,4.27
2019-09-23,4.27
2019-09-24,4.22
2019-09-25,4.15
2019-09-26,4.02
2019-09-27,4.12
2019-09-30,4.11
2019-10-08,4.06
2019-10-09,4.0
2019-10-10,4.04
2019-10-11,4.05
2019-10-14,4.05
2019-10-15,4.04
2019-10-16,4.01
2019-10-17,3.98
2019-10-18,4.0
2019-10-21,4.01
2019-10-22,4.06
2019-10-23,4.17
2019-10-24,4.2
2019-10-25,4.19
2019-10-28,4.2
2019-10-29,4.19
2019-10-30,4.16
2019-10-31,4.09
2019-11-01,4.16
2019-11-04,4.15
2019-11-05,4.08
2019-11-06,4.14
2019-11-07,4.1
2019-11-08,4.11
2019-11-11,4.07
2019-11-12,4.09
2019-11-13,4.09
2019-11-14,4.09
2019-11-15,4.08
2019-11-18,4.22
2019-11-19,4.26
2019-11-20,4.38
2019-11-21,4.46
2019-11-22,4.34
2019-11-25,4.36
2019-11-26,4.45
2019-11-27,4.35
2019-11-28,4.38
2019-11-29,4.28
2019-12-02,4.27
2019-12-03,4.24
2019-12-04,4.25
2019-12-05,4.28
2019-12-06,4.27
2019-12-09,4.23
2019-12-10,4.22
2019-12-11,4.22
2019-12-12,4.17
2019-12-13,4.24
2019-12-16,4.22
2019-12-17,4.29
2019-12-18,4.44
2019-12-19,4.57
2019-12-20,4.4
2019-12-23,4.27
2019-12-24,4.27
2019-12-25,4.22
2019-12-26,4.2
2019-12-27,4.2
2019-12-30,4.18
2019-12-31,4.22
2020-01-02,4.25
2020-01-03,4.22
2020-01-06,4.16
2020-01-07,4.23
2020-01-08,4.29
2020-01-09,4.32
2020-01-10,4.28
2020-01-13,4.31
2020-01-14,4.31
2020-01-15,4.24
2020-01-16,4.21
2020-01-17,4.21
2020-01-20,4.15
2020-01-21,4.04
2020-01-22,3.99
2020-01-23,3.93
2020-02-03,3.54
2020-02-04,3.19
2020-02-05,3.26
2020-02-06,3.28
2020-02-07,3.29
2020-02-10,3.39
2020-02-11,3.41
2020-02-12,3.43
2020-02-13,3.48
2020-02-14,3.46
2020-02-17,3.53
2020-02-18,3.58
2020-02-19,3.53
2020-02-20,3.6
2020-02-21,3.96
2020-02-24,4.07
2020-02-25,4.19
2020-02-26,4.06
2020-02-27,4.11
2020-02-28,3.96
2020-03-02,4.03
2020-03-03,4.05
2020-03-04,4.01
2020-03-05,4.0
2020-03-06,3.95
2020-03-09,3.92
2020-03-10,4.06
2020-03-11,4.12
2020-03-12,3.97
2020-03-13,3.86
2020-03-16,3.74
2020-03-17,3.94
2020-03-18,3.84
2020-03-19,3.83
2020-03-20,3.86
2020-03-23,3.79
2020-03-24,3.82
2020-03-25,3.86
2020-03-26,3.92
2020-03-27,3.82
2020-03-30,3.71
2020-03-31,3.74
2020-04-01,3.64
2020-04-02,3.64
2020-04-03,3.63
2020-04-07,3.7
2020-04-08,3.69
2020-04-09,3.68
2020-04-10,3.59
2020-04-13,3.63
2020-04-14,3.63
2020-04-15,3.61
2020-04-16,3.55
2020-04-17,3.58
2020-04-20,3.62
2020-04-21,3.61
2020-04-22,3.62
2020-04-23,3.7
2020-04-24,3.63
2020-04-27,3.73
2020-04-28,3.7
2020-04-29,3.66
2020-04-30,3.72
2020-05-06,3.73
2020-05-07,3.78
2020-05-08,3.84
2020-05-11,3.9
2020-05-12,3.89
2020-05-13,3.85
2020-05-14,3.87
2020-05-15,3.93
2020-05-18,3.95
2020-05-19,3.91
2020-05-20,3.92
2020-05-21,3.99
2020-05-22,3.89
2020-05-25,3.88
2020-05-26,3.86
2020-05-27,3.77
2020-05-28,3.72
2020-05-29,3.71
2020-06-01,3.75
2020-06-02,3.81
2020-06-03,3.77
2020-06-04,3.81
2020-06-05,3.95
2020-06-08,3.82
2020-06-09,3.82
2020-06-10,3.78
2020-06-11,3.75
2020-06-12,3.77
2020-06-15,3.7
2020-06-16,3.71
2020-06-17,3.68
2020-06-18,3.65
2020-06-19,3.66
2020-06-22,3.61
2020-06-23,3.59
2020-06-24,3.68
2020-06-29,3.64
2020-06-30,3.63
2020-07-01,3.61
2020-07-02,3.63
2020-07-03,3.7
2020-07-06,3.78
2020-07-07,3.77
2020-07-08,3.82
2020-07-09,3.87
2020-07-10,3.77
2020-07-13,3.86
2020-07-14,3.77
2020-07-15,3.69
2020-07-16,3.61
2020-07-17,3.6
2020-07-20,3.69
2020-07-21,3.68
2020-07-22,3.65
2020-07-23,3.67
2020-07-24,3.58
2020-07-27,3.57
2020-07-28,3.58
2020-07-29,3.62
2020-07-30,3.58
2020-07-31,3.61
2020-08-03,3.76
2020-08-04,3.68
2020-08-05,3.7
2020-08-06,3.71
2020-08-07,3.65
2020-08-10,3.69
2020-08-11,3.67
2020-08-12,3.68
2020-08-13,3.74
2020-08-14,3.77
2020-08-17,3.78
2020-08-18,3.79
2020-08-19,3.74
2020-08-20,3.7
2020-08-21,3.74
2020-08-24,3.71
2020-08-25,3.68
2020-08-26,3.63
2020-08-27,3.66
2020-08-28,3.68
2020-08-31,3.65
2020-09-01,3.68
2020-09-02,3.65
2020-09-03,3.57
2020-09-04,3.59
2020-09-07,3.58
2020-09-08,3.65
2020-09-09,3.67
2020-09-10,3.56
2020-09-11,3.58
2020-09-14,3.57
2020-09-15,3.59
2020-09-16,3.59
2020-09-17,3.62
2020-09-18,3.63
2020-09-21,3.59
2020-09-22,3.55
2020-09-23,3.55
2020-09-24,3.51
2020-09-25,3.45
2020-09-28,3.41
2020-09-29,3.41
2020-09-30,3.41
2020-10-09,3.48
2020-10-12,3.54
2020-10-13,3.5
2020-10-14,3.56
2020-10-15,3.5
2020-10-16,3.5
2020-10-19,3.46
2020-10-20,3.44
2020-10-21,3.41
2020-10-22,3.4
2020-10-23,3.33
2020-10-26,3.4
2020-10-27,3.4
2020-10-28,3.37
2020-10-29,3.39
2020-10-30,3.38
2020-11-02,3.37
2020-11-03,3.39
2020-11-04,3.4
2020-11-05,3.41
2020-11-06,3.48
2020-11-09,3.55
2020-11-10,3.48
2020-11-11,3.44
2020-11-12,3.46
2020-11-13,3.54
2020-11-16,3.57
2020-11-17,3.63
2020-11-18,3.59
2020-11-19,3.55
2020-11-20,3.59
2020-11-23,3.6
2020-11-24,3.56
2020-11-25,3.52
2020-11-26,3.49
2020-11-27,3.53
2020-11-30,3.51
2020-12-01,3.52
2020-12-02,3.55
2020-12-03,3.49
2020-12-04,3.51
2020-12-07,3.49
2020-12-08,3.46
2020-12-09,3.42
2020-12-10,3.41
2020-12-11,3.37
2020-12-14,3.4
2020-12-15,3.42
2020-12-16,3.44
2020-12-17,3.48
2020-12-18,3.38
2020-12-21,3.37
2020-12-22,3.3
2020-12-23,3.23
2020-12-24,3.17
2020-12-25,3.49
2020-12-28,3.4
2020-12-29,3.54
2020-12-30,3.45
2020-12-31,3.4
2021-01-04,3.46
2021-01-05,3.46
2021-01-06,3.32
2021-01-07,3.27
2021-01-08,3.26
2021-01-11,3.24
2021-01-12,3.24
2021-01-13,3.26
2021-01-14,3.19
2021-01-15,3.21
2021-01-18,3.23
2021-01-19,3.19
2021-01-20,3.19
2021-01-21,3.23
2021-01-22,3.22
2021-01-25,3.17
2021-01-26,3.12
2021-01-27,3.05
2021-01-28,3.02
2021-01-29,3.06
2021-02-01,3.17
2021-02-02,3.13
2021-02-03,3.11
2021-02-04,3.04
2021-02-05,3.02
2021-02-08,2.92
2021-02-09,2.97
2021-02-10,2.94
2021-02-18,3.02
2021-02-19,3.08
2021-02-22,3.09
2021-02-23,3.06
2021-02-24,3.03
2021-02-25,3.03
2021-02-26,3.02
2021-03-01,3.05
2021-03-02,3.05
2021-03-03,3.06
2021-03-04,3.05
2021-03-05,3.1
2021-03-08,3.08
2021-03-09,3.12
2021-03-10,3.06
2021-03-11,3.08
2021-03-12,3.09
2021-03-15,3.12
2021-03-16,3.13
2021-03-17,3.14
2021-03-18,3.12
2021-03-19,3.09
2021-03-22,3.13
2021-03-23,3.15
2021-03-24,3.13
2021-03-25,3.1
2021-03-26,3.11
2021-03-29,3.08
2021-03-30,3.04
2021-03-31,3.08
2021-04-01,3.06
2021-04-02,3.06
2021-04-06,3.07
2021-04-07,3.38
2021-04-08,3.25
2021-04-09,3.25
2021-04-12,3.14
2021-04-13,3.12
2021-04-14,3.16
2021-04-15,3.12
2021-04-16,3.15
2021-04-19,3.16
2021-04-20,3.15
2021-04-21,3.11
2021-04-22,3.11
2021-04-23,3.06
2021-04-26,3.07
2021-04-27,3.07
2021-04-28,3.11
2021-04-29,3.16
2021-04-30,3.17
2021-05-06,3.14
2021-05-07,3.23
2021-05-10,3.24
2021-05-11,3.27
2021-05-12,3.26
2021-05-13,3.24
2021-05-14,3.26
2021-05-17,3.24
2021-05-18,3.23
2021-05-19,3.21
2021-05-20,3.19
2021-05-21,3.25
2021-05-24,3.21
2021-05-25,3.2
2021-05-26,3.23
2021-05-27,3.2
2021-05-28,3.25
2021-05-31,3.17
2021-06-01,3.16
2021-06-02,3.13
2021-06-03,3.13
2021-06-04,3.13
2021-06-07,3.14
2021-06-08,3.16
2021-06-09,3.16
2021-06-10,3.19
2021-06-11,3.16
2021-06-15,3.13
2021-06-16,3.15
2021-06-17,3.22
2021-06-18,3.25
2021-06-21,3.24
2021-06-22,3.26
2021-06-23,3.26
2021-06-24,3.21
2021-06-25,3.21
2021-06-28,3.18
2021-06-29,3.15
2021-06-30,3.27
2021-07-01,3.22
2021-07-02,3.31
2021-07-05,3.4
2021-07-06,3.34
2021-07-07,3.34
2021-07-08,3.31
2021-07-09,3.32
2021-07-12,3.3
2021-07-13,3.27
2021-07-14,3.25
2021-07-15,3.27
2021-07-16,3.24
2021-07-19,3.23
2021-07-20,3.21
2021-07-21,3.26
2021-07-22,3.26
2021-07-23,3.27
2021-07-26,3.2
2021-07-27,3.2
2021-07-28,3.12
2021-07-29,3.15
2021-07-30,3.18
2021-08-02,3.19
2021-08-03,3.21
2021-08-04,3.18
2021-08-05,3.17
2021-08-06,3.16
2021-08-09,3.2
2021-08-10,3.21
2021-08-11,3.22
2021-08-12,3.23
2021-08-13,3.27
2021-08-16,3.25
2021-08-17,3.23
2021-08-18,3.25
2021-08-19,3.26
2021-08-20,3.2
2021-08-23,3.29
2021-08-24,3.27
2021-08-25,3.37
2021-08-26,3.38
2021-08-27,3.35
2021-08-30,3.31
2021-08-31,3.32
2021-09-01,3.39
2021-09-02,3.37
2021-09-03,3.43
2021-09-06,3.4
2021-09-07,3.74
2021-09-08,3.69
2021-09-09,3.67
2021-09-10,3.78
2021-09-13,4.16
2021-09-14,4.3
2021-09-15,4.33
2021-09-16,4.13
2021-09-17,4.21
2021-09-22,4.24
2021-09-23,4.14
2021-09-24,4.26
2021-09-27,3.83
2021-09-28,3.45
2021-09-29,3.25
2021-09-30,3.25
2021-10-08,3.45
2021-10-11,3.8
2021-10-12,3.93
2021-10-13,3.69
2021-10-14,3.63
2021-10-15,3.52
2021-10-18,3.75
2021-10-19,3.67
2021-10-20,3.58
2021-10-21,3.55
2021-10-22,3.41
2021-10-25,3.41
2021-10-26,3.35
2021-10-27,3.29
2021-10-28,3.26
2021-10-29,3.29
2021-11-01,3.33
2021-11-02,3.23
2021-11-03,3.35
2021-11-04,3.31
2021-11-05,3.24
2021-11-08,3.25
2021-11-09,3.24
2021-11-10,3.22
2021-11-11,3.24
2021-11-12,3.24
2021-11-15,3.28
2021-11-16,3.25
2021-11-17,3.28
2021-11-18,3.3
2021-11-19,3.34
2021-11-22,3.41
2021-11-23,3.38
2021-11-24,3.35
2021-11-25,3.36
2021-11-26,3.31
2021-11-29,3.33
2021-11-30,3.35
2021-12-01,3.37
2021-12-02,3.32
2021-12-03,3.4
2021-12-06,3.47
2021-12-07,3.43
2021-12-08,3.41
2021-12-09,3.42
2021-12-10,3.41
2021-12-13,3.38
2021-12-14,3.35
2021-12-15,3.37
2021-12-16,3.39
2021-12-17,3.39
2021-12-20,3.43
2021-12-21,3.51
2021-12-22,3.45
2021-12-23,3.42
2021-12-24,3.41
2021-12-27,3.42
2021-12-28,3.45
2021-12-29,3.45
2021-12-30,3.45
2021-12-31,3.43
2022-01-04,3.54
2022-01-05,3.58
2022-01-06,3.58
2022-01-07,3.55
2022-01-10,3.58
2022-01-11,3.55
2022-01-12,3.57
2022-01-13,3.6
2022-01-14,3.45
2022-01-17,3.45
2022-01-18,3.39
2022-01-19,3.73
2022-01-20,3.69
2022-01-21,3.86
2022-01-24,3.63
2022-01-25,3.77
2022-01-26,3.7
2022-01-27,3.8
2022-01-28,3.85
2022-02-07,4.12
2022-02-08,4.15
2022-02-09,4.07
2022-02-10,4.01
2022-02-11,4.03
2022-02-14,3.84
2022-02-15,3.76
2022-02-16,3.94
2022-02-17,3.88
2022-02-18,3.91
2022-02-21,3.92
2022-02-22,3.85
2022-02-23,3.8
2022-02-24,3.69
2022-02-25,4.06
2022-02-28,4.23
2022-03-01,4.22
2022-03-02,4.27
2022-03-03,4.28
2022-03-04,4.19
2022-03-07,4.05
2022-03-08,3.89
2022-03-09,3.8
2022-03-10,3.84
2022-03-11,3.83
2022-03-14,3.7
2022-03-15,3.46
2022-03-16,3.6
2022-03-17,3.57
2022-03-18,3.67
2022-03-21,3.64
2022-03-22,3.58
2022-03-23,3.54
2022-03-24,3.52
2022-03-25,3.51
2022-03-28,3.56
2022-03-29,3.52
2022-03-30,3.54
2022-03-31,3.56
2022-04-01,3.68
2022-04-06,3.81
2022-04-07,3.7
2022-04-08,3.68
2022-04-11,3.65
2022-04-12,3.82
2022-04-13,3.89
2022-04-14,3.82
2022-04-15,3.69
2022-04-18,3.68
2022-04-19,3.75
2022-04-20,3.61
2022-04-21,3.4
2022-04-22,3.41
2022-04-25,3.13
2022-04-26,3.02
2022-04-27,3.08
2022-04-28,3.01
2022-04-29,3.11
2022-05-05,3.14
2022-05-06,3.09
2022-05-09,3.19
2022-05-10,3.18
2022-05-11,3.14
2022-05-12,3.17
2022-05-13,3.25
2022-05-16,3.26
2022-05-17,3.23
2022-05-18,3.22
2022-05-19,3.21
2022-05-20,3.24
2022-05-23,3.27
2022-05-24,3.13
2022-05-25,3.27
2022-05-26,3.26
2022-05-27,3.27
2022-05-30,3.3
2022-05-31,3.35
2022-06-01,3.44
2022-06-02,3.39
2022-06-06,3.34
2022-06-07,3.42
2022-06-08,3.35
2022-06-09,3.27
2022-06-10,3.29
2022-06-13,3.21
2022-06-14,3.22
2022-06-15,3.22
2022-06-16,3.23
2022-06-17,3.2
2022-06-20,3.21
2022-06-21,3.2
2022-06-22,3.18
2022-06-23,3.18
2022-06-24,3.18
2022-06-27,3.21
2022-06-28,3.25
2022-06-29,3.19
2022-06-30,3.18
2022-07-01,3.17
2022-07-04,3.17
2022-07-05,3.21
2022-07-06,3.15
2022-07-07,3.17
2022-07-08,3.2
2022-07-11,3.21
2022-07-12,3.2
2022-07-13,3.27
2022-07-14,3.33
2022-07-15,3.17
2022-07-18,3.28
2022-07-19,3.29
2022-07-20,3.29
2022-07-21,3.26
2022-07-22,3.31
2022-07-25,3.29
2022-07-26,3.3
2022-07-27,3.28
2022-07-28,3.29
2022-07-29,3.29
2022-08-01,3.27
2022-08-02,3.13
2022-08-03,3.1
2022-08-04,3.12
2022-08-05,3.14
2022-08-08,3.16
2022-08-09,3.15
2022-08-10,3.13
2022-08-11,3.17
2022-08-12,3.24
2022-08-15,3.25
2022-08-16,3.27
2022-08-17,3.27
2022-08-18,3.27
2022-08-19,3.25
2022-08-22,3.58
2022-08-23,3.94
2022-08-24,4.03
2022-08-25,4.43
2022-08-26,3.99
2022-08-29,3.76
2022-08-30,3.79
2022-08-31,3.5
2022-09-01,3.4
2022-09-02,3.52
2022-09-05,3.59
2022-09-06,3.67
2022-09-07,3.59
2022-09-08,3.5
2022-09-09,3.5
2022-09-13,3.51
2022-09-14,3.59
2022-09-15,3.45
2022-09-16,3.36
2022-09-19,3.43
2022-09-20,3.39
2022-09-21,3.73
2022-09-22,3.75
2022-09-23,3.69
2022-09-26,3.62
2022-09-27,3.79
2022-09-28,3.67
2022-09-29,3.52
2022-09-30,3.39
2022-10-10,3.41
2022-10-11,3.68
2022-10-12,3.68
2022-10-13,3.68
2022-10-14,3.73
2022-10-17,3.8
2022-10-18,3.71
2022-10-19,3.87
2022-10-20,3.74
2022-10-21,3.69
2022-10-24,3.52
2022-10-25,3.57
2022-10-26,3.6
2022-10-27,3.46
2022-10-28,3.25
2022-10-31,3.25
2022-11-01,3.3
2022-11-02,3.33
2022-11-03,3.28
2022-11-04,3.34
2022-11-07,3.4
2022-11-08,3.34
2022-11-09,3.35
2022-11-10,3.35
2022-11-11,3.41
2022-11-14,3.4
2022-11-15,3.44
2022-11-16,3.44
2022-11-17,3.45
2022-11-18,3.35
2022-11-21,3.33
2022-11-22,3.35
2022-11-23,3.33
2022-11-24,3.32
2022-11-25,3.34
2022-11-28,3.37
2022-11-29,3.4
2022-11-30,3.38
2022-12-01,3.37
2022-12-02,3.35
2022-12-05,3.43
2022-12-06,3.39
2022-12-07,3.42
2022-12-08,3.49
2022-12-09,3.43
2022-12-12,3.47
2022-12-13,3.54
2022-12-14,3.46
2022-12-15,3.43
2022-12-16,3.45
2022-12-19,3.27
2022-12-20,3.3
2022-12-21,3.27
2022-12-22,3.19
2022-12-23,3.18
2022-12-26,3.22
2022-12-27,3.26
2022-12-28,3.22
2022-12-29,3.18
2022-12-30,3.26
2023-01-03,3.29
2023-01-04,3.29
2023-01-05,3.3
2023-01-06,3.23
2023-01-09,3.26
2023-01-10,3.2
2023-01-11,3.19
2023-01-12,3.2
2023-01-13,3.22
2023-01-16,3.23
2023-01-17,3.19
2023-01-18,3.22
2023-01-19,3.23
2023-01-20,3.27
2023-01-30,3.3
2023-01-31,3.32
2023-02-01,3.34
2023-02-02,3.37
2023-02-03,3.33
2023-02-06,3.35
2023-02-07,3.36
2023-02-08,3.35
2023-02-09,3.37
2023-02-10,3.4
2023-02-13,3.4
2023-02-14,3.38
2023-02-15,3.35
2023-02-16,3.28
2023-02-17,3.61
2023-02-20,3.57
2023-02-21,3.6
2023-02-22,3.54
2023-02-23,3.52
2023-02-24,3.54
2023-02-27,3.49
2023-02-28,3.51
2023-03-01,3.54
2023-03-02,3.53
2023-03-03,3.57
2023-03-06,3.53
2023-03-07,3.5
2023-03-08,3.54
2023-03-09,3.57
2023-03-10,3.49
2023-03-13,3.47
2023-03-14,3.42
2023-03-15,3.56
2023-03-16,3.44
2023-03-17,3.46
2023-03-20,3.39
2023-03-21,3.43
2023-03-22,3.43
2023-03-23,3.39
2023-03-24,3.36
2023-03-27,3.34
2023-03-28,3.32
2023-03-29,3.29
2023-03-30,3.3
2023-03-31,3.3
2023-04-03,3.3
2023-04-04,3.28
2023-04-06,3.27
2023-04-07,3.32
2023-04-10,3.28
2023-04-11,3.31
2023-04-12,3.33
2023-04-13,3.33
2023-04-14,3.32
2023-04-17,3.37
2023-04-18,3.33
2023-04-19,3.29
2023-04-20,3.28
2023-04-21,3.23
2023-04-24,3.26
2023-04-25,3.2
2023-04-26,3.22
2023-04-27,3.2
2023-04-28,3.23
2023-05-04,3.28
2023-05-05,3.25
2023-05-08,3.29
2023-05-09,3.26
2023-05-10,3.23
2023-05-11,3.23
2023-05-12,3.2
2023-05-15,3.22
2023-05-16,3.19
2023-05-17,3.21
2023-05-18,3.2
2023-05-19,3.17
2023-05-22,3.18
2023-05-23,3.15
2023-05-24,3.12
2023-05-25,3.1
2023-05-26,3.08
2023-05-29,3.05
2023-05-30,3.03
2023-05-31,3.04
2023-06-01,3.06
2023-06-02,3.06
2023-06-05,3.08
2023-06-06,3.01
2023-06-07,3.04
2023-06-08,3.04
2023-06-09,3.03
2023-06-12,3.03
2023-06-13,3.03
2023-06-14,3.02
2023-06-15,3.01
2023-06-16,3.03
2023-06-19,3.0
2023-06-20,2.94
2023-06-21,2.94
2023-06-26,2.86
2023-06-27,2.92
2023-06-28,2.92
2023-06-29,2.92
2023-06-30,2.94
2023-07-03,2.98
2023-07-04,2.98
2023-07-05,2.96
2023-07-06,2.95
2023-07-07,2.95
2023-07-10,2.97
2023-07-11,2.98
2023-07-12,2.94
2023-07-13,2.96
2023-07-14,2.95
2023-07-17,2.93
2023-07-18,3.0
2023-07-19,2.99
2023-07-20,2.98
2023-07-21,2.98
2023-07-24,3.0
2023-07-25,3.05
2023-07-26,3.06
2023-07-27,3.05
2023-07-28,3.08
2023-07-31,3.1
2023-08-01,3.12
2023-08-02,3.09
2023-08-03,3.09
2023-08-04,3.07
2023-08-07,3.05
2023-08-08,3.06
2023-08-09,3.05
2023-08-10,3.11
2023-08-11,3.07
2023-08-14,3.16
2023-08-15,3.1
2023-08-16,3.06
2023-08-17,3.11
2023-08-18,3.16
2023-08-21,3.12
2023-08-22,3.02
2023-08-23,2.95
2023-08-24,2.92
2023-08-25,2.91
2023-08-28,2.98
2023-08-29,2.99
2023-08-30,2.94
2023-08-31,2.9
2023-09-01,2.94
2023-09-04,2.98
2023-09-05,2.97
2023-09-06,2.97
2023-09-07,2.93
2023-09-08,2.96
2023-09-11,2.97
2023-09-12,2.97
2023-09-13,2.96
2023-09-14,2.95
2023-09-15,2.97
2023-09-18,2.97
2023-09-19,2.97
2023-09-20,2.96
2023-09-21,2.97
2023-09-22,2.97
2023-09-25,2.97
2023-09-26,2.94
2023-09-27,2.93
2023-09-28,2.94
2023-10-09,2.9
2023-10-10,2.9
2023-10-11,2.88
2023-10-12,2.89
2023-10-13,2.89
2023-10-16,2.91
2023-10-17,2.91
2023-10-18,2.83
2023-10-19,2.8
2023-10-20,2.81
2023-10-23,2.72
2023-10-24,2.83
2023-10-25,2.87
2023-10-26,2.87
2023-10-27,2.9
2023-10-30,2.89
2023-10-31,2.91
2023-11-01,2.92
2023-11-02,2.92
2023-11-03,2.92
2023-11-06,2.94
2023-11-07,3.07
2023-11-08,3.38
2023-11-09,3.4
2023-11-10,3.08
2023-11-13,3.15
2023-11-14,3.18
2023-11-15,3.1
2023-11-16,3.04
2023-11-17,3.05
2023-11-20,3.05
2023-11-21,3.07
2023-11-22,3.01
2023-11-23,3.04
2023-11-24,3.04
2023-11-27,3.06
2023-11-28,3.03
2023-11-29,3.02
2023-11-30,3.03
2023-12-01,3.05
2023-12-04,3.12
2023-12-05,3.05
2023-12-06,3.02
2023-12-07,3.01
2023-12-08,2.95
2023-12-11,2.98
2023-12-12,2.95
2023-12-13,2.95
2023-12-14,2.98
2023-12-15,2.93
2023-12-18,3.16
2023-12-19,3.07
2023-12-20,2.98
2023-12-21,3.0
2023-12-22,3.07
2023-12-25,2.93
2023-12-26,2.86
2023-12-27,2.81
2023-12-28,2.82
2023-12-29,2.77
2024-01-02,2.86
2024-01-03,2.83
2024-01-04,2.84
2024-01-05,2.75
2024-01-08,2.69
2024-01-09,2.72
2024-01-10,2.7
2024-01-11,2.73
2024-01-12,2.73
2024-01-15,2.76
2024-01-16,2.71
2024-01-17,2.65
2024-01-18,2.62
2024-01-19,2.6
2024-01-22,2.47
2024-01-23,2.46
2024-01-24,2.55
2024-01-25,2.61
2024-01-26,2.67
2024-01-29,2.64
2024-01-30,2.54
2024-01-31,2.45
2024-02-01,2.39
2024-02-02,2.29
2024-02-05,2.07
2024-02-06,2.04
2024-02-07,1.91
2024-02-08,2.06
2024-02-19,2.13
2024-02-20,2.12
2024-02-21,2.17
2024-02-22,2.2
2024-02-23,2.24
2024-02-26,2.28
2024-02-27,2.34
2024-02-28,2.19
2024-02-29,2.26
2024-03-01,2.25
2024-03-04,2.23
2024-03-05,2.17
2024-03-06,2.22
2024-03-07,2.22
2024-03-08,2.24
2024-03-11,2.31
2024-03-12,2.32
2024-03-13,2.31
2024-03-14,2.32
2024-03-15,2.34
2024-03-18,2.38
2024-03-19,2.37
2024-03-20,2.41
2024-03-21,2.41
2024-03-22,2.35
2024-03-25,2.31
2024-03-26,2.31
2024-03-27,2.26
2024-03-28,2.29
2024-03-29,2.31
2024-04-01,2.34
2024-04-02,2.39
2024-04-03,2.63
2024-04-08,2.45
2024-04-09,2.44
2024-04-10,2.4
2024-04-11,2.42
2024-04-12,2.55
2024-04-15,2.35
2024-04-16,2.59
2024-04-17,2.55
2024-04-18,2.81
2024-04-19,3.09
2024-04-22,2.78
2024-04-23,2.5
2024-04-24,2.44
2024-04-25,2.55
2024-04-26,2.55
2024-04-29,2.53
2024-04-30,2.46
2024-05-06,2.59
2024-05-07,2.55
2024-05-08,2.54
2024-05-09,2.79
2024-05-10,2.82
2024-05-13,3.1
2024-05-14,2.96
2024-05-15,3.02
2024-05-16,2.86
2024-05-17,2.78
2024-05-20,3.06
2024-05-21,3.02
2024-05-22,2.99
2024-05-23,3.04
2024-05-24,2.9
2024-05-27,3.19
2024-05-28,3.35
2024-05-29,3.21
2024-05-30,3.12
2024-05-31,3.27
2024-06-03,3.3
2024-06-04,3.45
2024-06-05,3.3
2024-06-06,3.38
2024-06-07,3.34
2024-06-11,3.01
2024-06-12,2.94
2024-06-13,2.77
2024-06-14,2.8
2024-06-17,2.64
2024-06-18,2.7
2024-06-19,2.59
2024-06-20,2.62
2024-06-21,2.51
2024-06-24,2.38
2024-06-25,2.35
2024-06-26,2.36
2024-06-27,2.29
2024-06-28,2.31
2024-07-01,2.36
2024-07-02,2.6
2024-07-03,2.53
2024-07-04,2.48
2024-07-05,2.47
2024-07-08,2.37
2024-07-09,2.35
2024-07-10,2.32
2024-07-11,2.33
2024-07-12,2.35
2024-07-15,2.28
2024-07-16,2.3
2024-07-17,2.26
2024-07-18,2.24
2024-07-19,2.22
2024-07-22,2.2
2024-07-23,2.24
2024-07-24,2.16
2024-07-25,2.25
2024-07-26,2.23
2024-07-29,2.34
2024-07-30,2.29
2024-07-31,2.37
2024-08-01,2.4
2024-08-02,2.37
2024-08-05,2.34
2024-08-06,2.31
2024-08-07,2.28
2024-08-08,2.25
2024-08-09,2.22
2024-08-12,2.2
2024-08-13,2.28
2024-08-14,2.21
2024-08-15,2.25
2024-08-16,2.23
2024-08-19,2.23
2024-08-20,2.17
2024-08-21,2.17
2024-08-22,2.19
2024-08-23,2.11
2024-08-26,2.12
2024-08-27,2.07
2024-08-28,2.09
2024-08-29,2.11
2024-08-30,2.13
2024-09-02,2.08
2024-09-03,2.09
2024-09-04,2.06
2024-09-05,2.07
2024-09-06,2.06
2024-09-09,2.06
2024-09-10,2.08
2024-09-11,2.13
2024-09-12,2.09
2024-09-13,2.16
2024-09-18,2.27
2024-09-19,2.28
2024-09-20,2.23
2024-09-23,2.28
2024-09-24,2.37
2024-09-25,2.37
2024-09-26,2.52
2024-09-27,2.61
2024-09-30,2.84
2024-10-08,2.82
2024-10-09,2.54
2024-10-10,2.79
2024-10-11,2.8
2024-10-14,2.86
2024-10-15,3.15
2024-10-16,2.99
2024-10-17,3.13
2024-10-18,3.23
2024-10-21,3.47
2024-10-22,3.82
2024-10-23,3.96
2024-10-24,3.98
2024-10-25,4.38
2024-10-28,4.82
2024-10-29,5.3
2024-10-30,5.83
2024-10-31,6.41
2024-11-01,5.77
2024-11-04,6.35
2024-11-05,6.99
2024-11-06,6.29
2024-11-07,6.15
2024-11-08,5.8
2024-11-11,5.87
2024-11-12,5.78
2024-11-13,5.98
2024-11-14,5.73
2024-11-15,5.38
2024-11-18,4.99
2024-11-19,5.21
2024-11-20,5.33
2024-11-21,5.36
2024-11-22,5.32
2024-11-25,5.51
2024-11-26,5.27
2024-11-27,5.21
2024-11-28,5.27
2024-11-29,5.27
2024-12-02,5.41
2024-12-03,5.47
2024-12-04,5.23
2024-12-05,5.33
2024-12-06,5.86
2024-12-09,5.94
2024-12-10,5.79
2024-12-11,5.9
2024-12-12,5.8
2024-12-13,6.38
2024-12-16,6.03
2024-12-17,5.7
2024-12-18,5.7
2024-12-19,5.78
2024-12-20,5.91
2024-12-23,5.32
2024-12-24,5.18
2024-12-25,4.82
2024-12-26,4.86
2024-12-27,4.98
2024-12-30,4.69
2024-12-31,4.68
2025-01-02,4.61
2025-01-03,4.32
2025-01-06,4.33
2025-01-07,4.52
2025-01-08,4.47
2025-01-09,4.53
2025-01-10,4.34
2025-01-13,4.33
2025-01-14,4.58
2025-01-15,4.56
2025-01-16,4.61
2025-01-17,4.61
2025-01-20,4.57
2025-01-21,4.52
2025-01-22,4.43
2025-01-23,4.35
2025-01-24,4.43
2025-01-27,4.35
2025-02-05,4.44
2025-02-06,4.55
2025-02-07,5.01
2025-02-10,4.92
2025-02-11,4.91
2025-02-12,5.0
2025-02-13,5.0
2025-02-14,4.9
2025-02-17,4.89
2025-02-18,4.98
2025-02-19,4.95
2025-02-20,4.92
2025-02-21,4.86
2025-02-24,4.89
2025-02-25,4.89
2025-02-26,4.96
2025-02-27,4.92
2025-02-28,4.78
2025-03-03,4.69
2025-03-04,4.84
2025-03-05,4.8
2025-03-06,4.95
2025-03-07,4.78
2025-03-10,4.86
2025-03-11,4.89
2025-03-12,5.02
2025-03-13,4.9
2025-03-14,4.98
2025-03-17,4.98
2025-03-18,5.09
2025-03-19,4.92
2025-03-20,4.88
2025-03-21,4.85
2025-03-24,4.57
2025-03-25,4.52
2025-03-26,4.5
2025-03-27,4.5
2025-03-28,4.38
2025-03-31,4.32
2025-04-01,4.35
2025-04-02,4.4
2025-04-03,4.53
2025-04-07,4.08
2025-04-08,3.82
2025-04-09,4.03
2025-04-10,4.16
2025-04-11,4.58
2025-04-14,4.78
2025-04-15,4.5
2025-04-16,4.42
2025-04-17,4.38
2025-04-18,4.31
2025-04-21,4.32
2025-04-22,4.31
2025-04-23,4.33
2025-04-24,4.33
2025-04-25,4.27
2025-04-28,4.21
2025-04-29,4.12
2025-04-30,4.2
2025-05-06,4.47
2025-05-07,4.46
2025-05-08,4.52
2025-05-09,4.51
2025-05-12,4.63
2025-05-13,5.09
2025-05-14,5.6
2025-05-15,5.5
2025-05-16,5.24
2025-05-19,5.69
2025-05-20,5.12
2025-05-21,4.87
2025-05-22,4.93
2025-05-23,4.65
2025-05-26,4.71
2025-05-27,4.73
2025-05-28,4.69
2025-05-29,4.85
2025-05-30,4.7
2025-06-03,4.74
2025-06-04,4.85
2025-06-05,4.78
2025-06-06,4.76
2025-06-09,4.78
2025-06-10,5.07
2025-06-11,4.93
2025-06-12,4.79
2025-06-13,5.27
2025-06-16,5.07
2025-06-17,5.58
2025-06-18,5.54
2025-06-19,5.32
2025-06-20,5.35
2025-06-23,5.72
2025-06-24,5.29
2025-06-25,5.04
2025-06-26,5.15
2025-06-27,5.11
2025-06-30,5.12
2025-07-01,5.18
2025-07-02,5.12
2025-07-03,5.08
2025-07-04,5.03
2025-07-07,4.99
2025-07-08,5.03
2025-07-09,4.98
2025-07-10,4.97
2025-07-11,5.0
2025-07-14,5.09
2025-07-15,5.11
2025-07-16,5.05
2025-07-17,5.03
2025-07-18,5.04
2025-07-21,5.03
2025-07-22,4.95
2025-07-23,4.86
2025-07-24,4.95
2025-07-25,4.89
2025-07-28,4.83
2025-07-29,4.82
2025-07-30,4.79
2025-07-31,4.73
2025-08-01,4.75
2025-08-04,4.71
2025-08-05,4.74
2025-08-06,4.74
2025-08-07,4.75
2025-08-08,4.81
2025-08-11,4.81
2025-08-12,4.99
2025-08-13,4.91
2025-08-14,4.81
2025-08-15,4.86
2025-08-18,4.86
2025-08-19,4.84
2025-08-20,4.86
2025-08-21,4.95
2025-08-22,4.98
2025-08-25,4.94
2025-08-26,4.94
2025-08-27,4.77
2025-08-28,4.81
2025-08-29,4.78
2025-09-01,4.72
2025-09-02,4.74
2025-09-03,4.62
2025-09-04,4.59
2025-09-05,4.61
2025-09-08,4.67
2025-09-09,4.59
2025-09-10,4.55
2025-09-11,4.57
2025-09-12,4.57
2025-09-15,4.64
2025-09-16,4.7
2025-09-17,4.73
2025-09-18,4.58
2025-09-19,4.65
2025-09-22,4.53
2025-09-23,4.7
2025-09-24,4.69
2025-09-25,4.54
2025-09-26,4.49
2025-09-29,4.44
2025-09-30,4.4
2025-10-09,4.4
2025-10-10,4.45
2025-10-13,4.54
2025-10-14,4.61
2025-10-15,4.46
2025-10-16,4.51
2025-10-17,4.46
2025-10-20,4.64
2025-10-21,4.68
2025-10-22,4.6
2025-10-23,4.69
2025-10-24,4.63
2025-10-27,4.54
2025-10-28,4.53
2025-10-29,4.52
2025-10-30,4.5
2025-10-31,4.52
2025-11-03,4.54
2025-11-04,4.5
2025-11-05,4.61
2025-11-06,4.61
2025-11-07,4.61
2025-11-10,4.9
2025-11-11,4.94
2025-11-12,4.95
2025-11-13,4.93
2025-11-14,5.21
2025-11-17,5.11
2025-11-18,4.87
2025-11-19,4.74
2025-11-20,4.61
2025-11-21,4.35
2025-11-24,4.43
2025-11-25,4.45
2025-11-26,4.48
2025-11-27,4.56
2025-11-28,4.94
2025-12-01,5.0
2025-12-02,4.95
2025-12-03,4.86
2025-12-04,5.04
2025-12-05,5.04
2025-12-08,5.13
2025-12-09,5.06
2025-12-10,5.08
2025-12-11,5.02
2025-12-12,4.99
2025-12-15,4.98
2025-12-16,4.78
2025-12-17,4.89
2025-12-18,4.77
2025-12-19,5.13
2025-12-22,5.27
2025-12-23,5.05
2025-12-24,5.06
2025-12-25,5.12
2025-12-26,5.07
2025-12-29,4.94
2025-12-30,4.89
2025-12-31,4.84
2026-01-05,4.67
2026-01-06,4.72
2026-01-07,4.58
2026-01-08,4.69
2026-01-09,4.68
2026-01-12,4.68
2026-01-13,4.71
2026-01-14,4.67
2026-01-15,4.58
2026-01-16,4.51
2026-01-19,4.56
2026-01-20,4.52
2026-01-21,4.57
2026-01-22,4.58
2026-01-23,4.6
2026-01-26,4.5
2026-01-27,4.44
2026-01-28,4.39
2026-01-29,4.39
2026-01-30,4.34
2026-02-02,4.31
2026-02-03,4.3
2026-02-04,4.36
2026-02-05,4.36
2026-02-06,4.43
2026-02-09,4.57
2026-02-10,4.59
2026-02-11,4.64
2026-02-12,4.55
2026-02-13,4.47
2026-02-24,4.58
2026-02-25,4.63
2026-02-26,4.6
2026-02-27,4.64
2026-03-02,4.73
2026-03-03,5.12
2026-03-04,4.61
2026-03-05,4.44
2026-03-06,4.64
2026-03-09,4.43
2026-03-10,4.44
2026-03-11,4.39
2026-03-12,4.47
2026-03-13,4.44
2026-03-16,4.53
2026-03-17,4.43
2026-03-18,4.45
2026-03-19,4.31
2026-03-20,4.23
2026-03-23,4.04
2026-03-24,4.22
2026-03-25,4.29
2026-03-26,4.17
2026-03-27,4.21
