date,close_raw
2019-07-26,10.58
2019-07-29,11.64
2019-07-30,12.8
2019-07-31,14.08
2019-08-01,15.49
2019-08-02,17.04
2019-08-05,18.74
2019-08-06,20.61
2019-08-07,22.67
2019-08-08,22.89
2019-08-09,23.05
2019-08-12,23.35
2019-08-13,22.15
2019-08-14,21.51
2019-08-15,21.9
2019-08-16,21.47
2019-08-19,21.52
2019-08-20,22.9
2019-08-21,20.66
2019-08-22,19.2
2019-08-23,18.55
2019-08-26,18.67
2019-08-27,18.59
2019-08-28,18.93
2019-08-29,18.42
2019-08-30,18.3
2019-09-02,18.51
2019-09-03,18.87
2019-09-04,19.15
2019-09-05,18.92
2019-09-06,18.55
2019-09-09,19.15
2019-09-10,19.77
2019-09-11,20.4
2019-09-12,20.03
2019-09-16,20.93
2019-09-17,21.34
2019-09-18,20.54
2019-09-19,20.51
2019-09-20,19.68
2019-09-23,18.7
2019-09-24,18.81
2019-09-25,17.91
2019-09-26,17.1
2019-09-27,17.28
2019-09-30,16.71
2019-10-08,16.66
2019-10-09,17.32
2019-10-10,17.41
2019-10-11,17.42
2019-10-14,17.75
2019-10-15,17.56
2019-10-16,17.7
2019-10-17,19.47
2019-10-18,19.1
2019-10-21,17.19
2019-10-22,16.23
2019-10-23,16.06
2019-10-24,15.69
2019-10-25,15.83
2019-10-28,16.13
2019-10-29,15.48
2019-10-30,14.88
2019-10-31,14.26
2019-11-01,14.69
2019-11-04,14.68
2019-11-05,14.79
2019-11-06,14.68
2019-11-07,14.57
2019-11-08,15.02
2019-11-11,14.21
2019-11-12,14.8
2019-11-13,15.73
2019-11-14,15.93
2019-11-15,15.35
2019-11-18,15.96
2019-11-19,15.7
2019-11-20,14.82
2019-11-21,14.81
2019-11-22,14.29
2019-11-25,14.11
2019-11-26,14.03
2019-11-27,13.78
2019-11-28,13.53
2019-11-29,14.88
2019-12-02,15.5
2019-12-03,15.59
2019-12-04,16.02
2019-12-05,15.57
2019-12-06,15.24
2019-12-09,15.42
2019-12-10,15.38
2019-12-11,15.85
2019-12-12,15.21
2019-12-13,15.16
2019-12-16,15.37
2019-12-17,15.52
2019-12-18,15.73
2019-12-19,15.46
2019-12-20,15.91
2019-12-23,16.45
2019-12-24,16.71
2019-12-25,16.12
2019-12-26,16.21
2019-12-27,15.45
2019-12-30,14.36
2019-12-31,14.47
2020-01-02,14.68
2020-01-03,15.38
2020-01-06,15.22
2020-01-07,15.4
2020-01-08,14.66
2020-01-09,14.84
2020-01-10,14.93
2020-01-13,14.99
2020-01-14,15.04
2020-01-15,14.96
2020-01-16,14.59
2020-01-17,14.53
2020-01-20,14.57
2020-01-21,14.2
2020-01-22,14.3
2020-01-23,13.77
2020-02-03,12.39
2020-02-04,11.55
2020-02-05,11.92
2020-02-06,12.37
2020-02-07,12.59
2020-02-10,12.75
2020-02-11,12.66
2020-02-12,12.84
2020-02-13,12.61
2020-02-14,12.61
2020-02-17,12.98
2020-02-18,13.39
2020-02-19,13.17
2020-02-20,13.39
2020-02-21,13.42
2020-02-24,13.53
2020-02-25,13.32
2020-02-26,13.38
2020-02-27,13.29
2020-02-28,12.04
2020-03-02,12.9
2020-03-03,13.33
2020-03-04,14.0
2020-03-05,15.08
2020-03-06,15.84
2020-03-09,14.27
2020-03-10,15.28
2020-03-11,14.43
2020-03-12,13.71
2020-03-13,13.26
2020-03-16,14.31
2020-03-17,15.34
2020-03-18,14.73
2020-03-19,14.2
2020-03-20,15.62
2020-03-23,15.44
2020-03-24,15.3
2020-03-25,15.44
2020-03-26,14.7
2020-03-27,16.17
2020-03-30,16.21
2020-03-31,15.44
2020-04-01,16.04
2020-04-02,16.71
2020-04-03,15.94
2020-04-07,16.31
2020-04-08,16.35
2020-04-09,16.03
2020-04-10,14.76
2020-04-13,13.79
2020-04-14,13.92
2020-04-15,13.72
2020-04-16,13.88
2020-04-17,13.48
2020-04-20,13.61
2020-04-21,13.44
2020-04-22,13.54
2020-04-23,13.44
2020-04-24,12.99
2020-04-27,12.49
2020-04-28,12.14
2020-04-29,12.15
2020-04-30,12.75
2020-05-06,13.1
2020-05-07,12.87
2020-05-08,12.94
2020-05-11,13.31
2020-05-12,13.18
2020-05-13,13.37
2020-05-14,13.43
2020-05-15,13.55
2020-05-18,12.87
2020-05-19,13.22
2020-05-20,12.99
2020-05-21,12.71
2020-05-22,12.35
2020-05-25,12.7
2020-05-26,12.7
2020-05-27,12.64
2020-05-28,12.48
2020-05-29,13.73
2020-06-01,13.91
2020-06-02,14.28
2020-06-03,14.38
2020-06-04,14.47
2020-06-05,14.65
2020-06-08,14.78
2020-06-09,15.81
2020-06-10,15.66
2020-06-11,15.61
2020-06-12,15.79
2020-06-15,15.64
2020-06-16,15.66
2020-06-17,15.8
2020-06-18,15.9
2020-06-19,14.31
2020-06-22,14.5
2020-06-23,13.6
2020-06-24,13.64
2020-06-29,13.73
2020-06-30,13.77
2020-07-01,13.71
2020-07-02,13.9
2020-07-03,14.79
2020-07-06,15.34
2020-07-07,15.97
2020-07-08,16.02
2020-07-09,16.66
2020-07-10,15.37
2020-07-13,15.96
2020-07-14,15.95
2020-07-15,15.08
2020-07-16,14.07
2020-07-17,13.62
2020-07-20,14.13
2020-07-21,14.39
2020-07-22,14.3
2020-07-23,14.17
2020-07-24,13.21
2020-07-27,13.04
2020-07-28,13.23
2020-07-29,13.53
2020-07-30,13.47
2020-07-31,13.47
2020-08-03,13.65
2020-08-04,13.37
2020-08-05,13.38
2020-08-06,13.37
2020-08-07,13.1
2020-08-10,13.57
2020-08-11,13.2
2020-08-12,13.09
2020-08-13,13.11
2020-08-14,13.23
2020-08-17,13.42
2020-08-18,13.48
2020-08-19,13.36
2020-08-20,13.44
2020-08-21,13.62
2020-08-24,13.4
2020-08-25,13.28
2020-08-26,13.11
2020-08-27,13.23
2020-08-28,13.36
2020-08-31,13.73
2020-09-01,14.37
2020-09-02,14.25
2020-09-03,14.55
2020-09-04,14.13
2020-09-07,13.73
2020-09-08,13.59
2020-09-09,13.12
2020-09-10,12.76
2020-09-11,12.94
2020-09-14,12.83
2020-09-15,12.93
2020-09-16,12.77
2020-09-17,12.77
2020-09-18,12.95
2020-09-21,13.06
2020-09-22,12.75
2020-09-23,12.82
2020-09-24,12.23
2020-09-25,12.0
2020-09-28,11.71
2020-09-29,11.81
2020-09-30,11.74
2020-10-09,12.03
2020-10-12,12.27
2020-10-13,12.23
2020-10-14,12.2
2020-10-15,12.08
2020-10-16,11.95
2020-10-19,11.87
2020-10-20,12.11
2020-10-21,11.89
2020-10-22,11.69
2020-10-23,11.64
2020-10-26,11.41
2020-10-27,11.25
2020-10-28,11.18
2020-10-29,11.19
2020-10-30,10.5
2020-11-02,10.46
2020-11-03,10.69
2020-11-04,10.62
2020-11-05,10.76
2020-11-06,10.64
2020-11-09,10.85
2020-11-10,10.86
2020-11-11,10.69
2020-11-12,10.71
2020-11-13,10.62
2020-11-16,10.85
2020-11-17,10.7
2020-11-18,10.81
2020-11-19,10.78
2020-11-20,10.84
2020-11-23,10.77
2020-11-24,10.77
2020-11-25,10.5
2020-11-26,10.3
2020-11-27,10.28
2020-11-30,10.29
2020-12-01,10.42
2020-12-02,10.42
2020-12-03,10.45
2020-12-04,10.55
2020-12-07,10.52
2020-12-08,10.48
2020-12-09,10.34
2020-12-10,10.88
2020-12-11,11.1
2020-12-14,11.15
2020-12-15,10.8
2020-12-16,10.88
2020-12-17,10.99
2020-12-18,10.59
2020-12-21,10.26
2020-12-22,9.81
2020-12-23,9.71
2020-12-24,9.29
2020-12-25,9.28
2020-12-28,9.03
2020-12-29,9.03
2020-12-30,9.04
2020-12-31,9.11
2021-01-04,9.25
2021-01-05,9.33
2021-01-06,9.43
2021-01-07,8.87
2021-01-08,8.87
2021-01-11,8.52
2021-01-12,8.64
2021-01-13,8.36
2021-01-14,8.36
2021-01-15,8.64
2021-01-18,8.89
2021-01-19,9.17
2021-01-20,8.94
2021-01-21,8.88
2021-01-22,9.77
2021-01-25,9.17
2021-01-26,10.09
2021-01-27,9.81
2021-01-28,9.97
2021-01-29,9.56
2021-02-01,9.69
2021-02-02,9.54
2021-02-03,9.72
2021-02-04,9.21
2021-02-05,8.37
2021-02-08,8.1
2021-02-09,8.2
2021-02-10,8.38
2021-02-18,8.62
2021-02-19,8.83
2021-02-22,9.24
2021-02-23,9.01
2021-02-24,9.15
2021-02-25,8.98
2021-02-26,9.03
2021-03-01,9.33
2021-03-02,9.27
2021-03-03,9.34
2021-03-04,9.39
2021-03-05,9.65
2021-03-08,9.44
2021-03-09,9.31
2021-03-10,9.1
2021-03-11,9.56
2021-03-12,9.51
2021-03-15,9.4
2021-03-16,9.53
2021-03-17,9.45
2021-03-18,9.32
2021-03-19,9.42
2021-03-22,9.48
2021-03-23,9.26
2021-03-24,8.93
2021-03-25,8.81
2021-03-26,8.88
2021-03-29,8.88
2021-03-30,8.61
2021-03-31,8.65
2021-04-01,8.66
2021-04-02,8.69
2021-04-06,8.86
2021-04-07,8.96
2021-04-08,8.87
2021-04-09,8.93
2021-04-12,8.92
2021-04-13,8.63
2021-04-14,8.64
2021-04-15,8.66
2021-04-16,8.87
2021-04-19,8.99
2021-04-20,8.96
2021-04-21,8.96
2021-04-22,9.02
2021-04-23,8.75
2021-04-26,8.83
2021-04-27,8.68
2021-04-28,8.75
2021-04-29,9.63
2021-04-30,9.19
2021-05-06,9.04
2021-05-07,8.98
2021-05-10,8.23
2021-05-11,8.16
2021-05-12,8.19
2021-05-13,8.16
2021-05-14,8.22
2021-05-17,8.11
2021-05-18,8.17
2021-05-19,8.12
2021-05-20,8.11
2021-05-21,8.14
2021-05-24,8.19
2021-05-25,8.16
2021-05-26,8.26
2021-05-27,8.4
2021-05-28,8.5
2021-05-31,8.48
2021-06-01,8.48
2021-06-02,8.45
2021-06-03,8.55
2021-06-04,8.55
2021-06-07,8.51
2021-06-08,8.53
2021-06-09,8.47
2021-06-10,8.48
2021-06-11,8.48
2021-06-15,7.82
2021-06-16,7.85
2021-06-17,7.8
2021-06-18,7.84
2021-06-21,7.91
2021-06-22,7.97
2021-06-23,7.97
2021-06-24,7.95
2021-06-25,7.93
2021-06-28,7.89
2021-06-29,7.87
2021-06-30,7.84
2021-07-01,7.76
2021-07-02,7.73
2021-07-05,7.81
2021-07-06,7.86
2021-07-07,7.82
2021-07-08,7.78
2021-07-09,7.83
2021-07-12,7.86
2021-07-13,7.82
2021-07-14,7.78
2021-07-15,7.6
2021-07-16,7.82
2021-07-19,7.72
2021-07-20,7.67
2021-07-21,7.67
2021-07-22,7.71
2021-07-23,7.62
2021-07-26,7.47
2021-07-27,7.49
2021-07-28,7.25
2021-07-29,7.31
2021-07-30,7.26
2021-08-02,7.39
2021-08-03,7.42
2021-08-04,7.38
2021-08-05,7.28
2021-08-06,7.19
2021-08-09,7.3
2021-08-10,7.38
2021-08-11,7.36
2021-08-12,7.45
2021-08-13,7.48
2021-08-16,7.52
2021-08-17,7.5
2021-08-18,7.52
2021-08-19,7.44
2021-08-20,7.43
2021-08-23,7.46
2021-08-24,7.51
2021-08-25,7.48
2021-08-26,8.23
2021-08-27,8.68
2021-08-30,8.57
2021-08-31,8.65
2021-09-01,8.91
2021-09-02,8.66
2021-09-03,9.13
2021-09-06,8.85
2021-09-07,8.91
2021-09-08,8.99
2021-09-09,8.93
2021-09-10,8.77
2021-09-13,8.86
2021-09-14,8.92
2021-09-15,8.89
2021-09-16,8.88
2021-09-17,9.05
2021-09-22,9.06
2021-09-23,9.52
2021-09-24,9.18
2021-09-27,9.05
2021-09-28,9.4
2021-09-29,9.0
2021-09-30,9.27
2021-10-08,9.78
2021-10-11,10.05
2021-10-12,10.04
2021-10-13,10.08
2021-10-14,10.44
2021-10-15,10.35
2021-10-18,10.42
2021-10-19,10.27
2021-10-20,10.47
2021-10-21,11.52
2021-10-22,11.38
2021-10-25,12.29
2021-10-26,11.95
2021-10-27,11.76
2021-10-28,10.58
2021-10-29,10.54
2021-11-01,10.47
2021-11-02,10.38
2021-11-03,10.28
2021-11-04,10.49
2021-11-05,10.65
2021-11-08,10.8
2021-11-09,10.85
2021-11-10,10.56
2021-11-11,10.46
2021-11-12,10.67
2021-11-15,11.15
2021-11-16,10.94
2021-11-17,11.2
2021-11-18,11.14
2021-11-19,10.93
2021-11-22,11.09
2021-11-23,11.53
2021-11-24,11.25
2021-11-25,11.32
2021-11-26,11.14
2021-11-29,11.08
2021-11-30,11.19
2021-12-01,11.48
2021-12-02,11.12
2021-12-03,11.15
2021-12-06,10.46
2021-12-07,10.31
2021-12-08,10.33
2021-12-09,10.27
2021-12-10,10.45
2021-12-13,10.24
2021-12-14,10.3
2021-12-15,10.28
2021-12-16,10.32
2021-12-17,10.33
2021-12-20,10.14
2021-12-21,10.28
2021-12-22,10.4
2021-12-23,10.58
2021-12-24,10.34
2021-12-27,11.09
2021-12-28,10.77
2021-12-29,10.68
2021-12-30,10.65
2021-12-31,10.8
2022-01-04,11.33
2022-01-05,11.85
2022-01-06,12.17
2022-01-07,12.1
2022-01-10,11.83
2022-01-11,12.24
2022-01-12,12.46
2022-01-13,12.25
2022-01-14,12.26
2022-01-17,12.22
2022-01-18,12.14
2022-01-19,12.7
2022-01-20,12.54
2022-01-21,12.43
2022-01-24,11.19
2022-01-25,10.7
2022-01-26,10.74
2022-01-27,10.1
2022-01-28,10.23
2022-02-07,10.03
2022-02-08,10.05
2022-02-09,10.13
2022-02-10,10.12
2022-02-11,10.01
2022-02-14,10.09
2022-02-15,10.43
2022-02-16,10.23
2022-02-17,10.06
2022-02-18,10.13
2022-02-21,10.16
2022-02-22,10.0
2022-02-23,10.2
2022-02-24,9.82
2022-02-25,9.89
2022-02-28,9.97
2022-03-01,10.1
2022-03-02,10.25
2022-03-03,10.16
2022-03-04,9.95
2022-03-07,9.83
2022-03-08,9.36
2022-03-09,9.05
2022-03-10,9.15
2022-03-11,9.24
2022-03-14,9.12
2022-03-15,8.7
2022-03-16,8.76
2022-03-17,8.96
2022-03-18,9.06
2022-03-21,9.19
2022-03-22,9.15
2022-03-23,9.08
2022-03-24,8.82
2022-03-25,8.98
2022-03-28,8.97
2022-03-29,8.94
2022-03-30,8.98
2022-03-31,9.12
2022-04-01,9.08
2022-04-06,9.22
2022-04-07,9.09
2022-04-08,8.92
2022-04-11,8.65
2022-04-12,8.76
2022-04-13,8.76
2022-04-14,8.79
2022-04-15,8.69
2022-04-18,8.69
2022-04-19,8.83
2022-04-20,8.75
2022-04-21,8.6
2022-04-22,8.56
2022-04-25,7.98
2022-04-26,7.72
2022-04-27,7.98
2022-04-28,7.98
2022-04-29,8.43
2022-05-05,8.18
2022-05-06,8.16
2022-05-09,8.34
2022-05-10,8.33
2022-05-11,8.33
2022-05-12,8.25
2022-05-13,8.26
2022-05-16,8.72
2022-05-17,8.44
2022-05-18,8.29
2022-05-19,8.21
2022-05-20,8.24
2022-05-23,8.36
2022-05-24,7.91
2022-05-25,8.13
2022-05-26,8.15
2022-05-27,8.19
2022-05-30,8.25
2022-05-31,8.75
2022-06-01,8.62
2022-06-02,8.57
2022-06-06,8.62
2022-06-07,8.6
2022-06-08,8.5
2022-06-09,8.77
2022-06-10,9.0
2022-06-13,8.99
2022-06-14,9.1
2022-06-15,9.03
2022-06-16,9.06
2022-06-17,9.23
2022-06-20,9.18
2022-06-21,9.02
2022-06-22,8.94
2022-06-23,9.09
2022-06-24,9.12
2022-06-27,9.17
2022-06-28,9.56
2022-06-29,9.25
2022-06-30,9.32
2022-07-01,9.9
2022-07-04,9.89
2022-07-05,10.08
2022-07-06,10.15
2022-07-07,10.18
2022-07-08,10.06
2022-07-11,10.01
2022-07-12,9.97
2022-07-13,10.0
2022-07-14,10.2
2022-07-15,9.99
2022-07-18,9.96
2022-07-19,10.06
2022-07-20,10.0
2022-07-21,9.9
2022-07-22,9.88
2022-07-25,9.89
2022-07-26,10.14
2022-07-27,10.27
2022-07-28,10.7
2022-07-29,10.72
2022-08-01,10.72
2022-08-02,10.42
2022-08-03,10.28
2022-08-04,10.22
2022-08-05,10.45
2022-08-08,10.43
2022-08-09,10.4
2022-08-10,10.89
2022-08-11,10.7
2022-08-12,11.06
2022-08-15,10.89
2022-08-16,10.95
2022-08-17,10.95
2022-08-18,10.83
2022-08-19,10.88
2022-08-22,10.92
2022-08-23,10.91
2022-08-24,10.42
2022-08-25,10.34
2022-08-26,10.44
2022-08-29,10.91
2022-08-30,10.89
2022-08-31,10.08
2022-09-01,10.01
2022-09-02,10.2
2022-09-05,10.43
2022-09-06,10.43
2022-09-07,10.26
2022-09-08,10.23
2022-09-09,10.33
2022-09-13,10.32
2022-09-14,10.2
2022-09-15,10.48
2022-09-16,10.82
2022-09-19,10.45
2022-09-20,10.63
2022-09-21,10.73
2022-09-22,10.88
2022-09-23,10.47
2022-09-26,9.92
2022-09-27,10.03
2022-09-28,9.6
2022-09-29,9.27
2022-09-30,9.09
2022-10-10,10.0
2022-10-11,10.53
2022-10-12,10.93
2022-10-13,11.11
2022-10-14,11.0
2022-10-17,11.4
2022-10-18,11.82
2022-10-19,11.82
2022-10-20,11.67
2022-10-21,11.41
2022-10-24,11.01
2022-10-25,11.15
2022-10-26,11.27
2022-10-27,11.25
2022-10-28,10.98
2022-10-31,10.91
2022-11-01,10.99
2022-11-02,10.99
2022-11-03,10.9
2022-11-04,11.37
2022-11-07,10.89
2022-11-08,10.75
2022-11-09,10.75
2022-11-10,10.43
2022-11-11,10.4
2022-11-14,10.41
2022-11-15,10.51
2022-11-16,10.55
2022-11-17,10.45
2022-11-18,10.2
2022-11-21,10.12
2022-11-22,10.08
2022-11-23,9.85
2022-11-24,9.86
2022-11-25,9.95
2022-11-28,9.76
2022-11-29,9.92
2022-11-30,9.92
2022-12-01,10.51
2022-12-02,10.46
2022-12-05,9.99
2022-12-06,9.27
2022-12-07,9.08
2022-12-08,8.98
2022-12-09,8.89
2022-12-12,8.91
2022-12-13,8.91
2022-12-14,8.89
2022-12-15,8.9
2022-12-16,8.9
2022-12-19,8.81
2022-12-20,8.74
2022-12-21,8.71
2022-12-22,8.76
2022-12-23,8.77
2022-12-26,8.78
2022-12-27,8.75
2022-12-28,8.64
2022-12-29,8.54
2022-12-30,8.57
2023-01-03,8.69
2023-01-04,8.8
2023-01-05,8.83
2023-01-06,8.83
2023-01-09,8.8
2023-01-10,8.84
2023-01-11,8.84
2023-01-12,8.86
2023-01-13,8.93
2023-01-16,8.97
2023-01-17,9.31
2023-01-18,9.25
2023-01-19,9.19
2023-01-20,9.13
2023-01-30,9.23
2023-01-31,9.32
2023-02-01,9.55
2023-02-02,9.63
2023-02-03,10.0
2023-02-06,10.22
2023-02-07,10.56
2023-02-08,9.99
2023-02-09,9.91
2023-02-10,10.03
2023-02-13,10.44
2023-02-14,10.27
2023-02-15,10.66
2023-02-16,10.12
2023-02-17,11.13
2023-02-20,11.0
2023-02-21,10.88
2023-02-22,10.8
2023-02-23,10.41
2023-02-24,10.46
2023-02-27,10.0
2023-02-28,10.14
2023-03-01,10.39
2023-03-02,10.44
2023-03-03,10.18
2023-03-06,9.99
2023-03-07,9.64
2023-03-08,9.7
2023-03-09,9.61
2023-03-10,9.38
2023-03-13,9.5
2023-03-14,9.21
2023-03-15,9.26
2023-03-16,9.19
2023-03-17,9.5
2023-03-20,9.34
2023-03-21,9.73
2023-03-22,9.93
2023-03-23,9.98
2023-03-24,9.96
2023-03-27,10.05
2023-03-28,9.85
2023-03-29,9.9
2023-03-30,9.71
2023-03-31,9.87
2023-04-03,10.03
2023-04-04,9.87
2023-04-06,9.32
2023-04-07,9.47
2023-04-10,9.21
2023-04-11,9.22
2023-04-12,9.42
2023-04-13,9.43
2023-04-14,9.26
2023-04-17,9.08
2023-04-18,8.99
2023-04-19,8.94
2023-04-20,8.98
2023-04-21,8.61
2023-04-24,8.68
2023-04-25,8.43
2023-04-26,8.49
2023-04-27,8.51
2023-04-28,8.8
2023-05-04,8.69
2023-05-05,8.59
2023-05-08,8.62
2023-05-09,8.43
2023-05-10,8.38
2023-05-11,8.43
2023-05-12,8.47
2023-05-15,8.38
2023-05-16,8.15
2023-05-17,8.31
2023-05-18,8.48
2023-05-19,8.51
2023-05-22,8.57
2023-05-23,8.45
2023-05-24,8.47
2023-05-25,8.53
2023-05-26,8.55
2023-05-29,8.43
2023-05-30,8.56
2023-05-31,8.66
2023-06-01,8.79
2023-06-02,8.77
2023-06-05,8.8
2023-06-06,8.63
2023-06-07,8.73
2023-06-08,8.65
2023-06-09,8.76
2023-06-12,8.73
2023-06-13,8.76
2023-06-14,8.63
2023-06-15,8.55
2023-06-16,8.73
2023-06-19,8.6
2023-06-20,8.57
2023-06-21,8.33
2023-06-26,8.1
2023-06-27,8.37
2023-06-28,8.28
2023-06-29,8.39
2023-06-30,8.52
2023-07-03,8.59
2023-07-04,8.63
2023-07-05,8.62
2023-07-06,8.85
2023-07-07,8.69
2023-07-10,8.7
2023-07-11,8.76
2023-07-12,8.7
2023-07-13,8.76
2023-07-14,8.96
2023-07-17,9.06
2023-07-18,9.33
2023-07-19,9.3
2023-07-20,9.15
2023-07-21,9.22
2023-07-24,9.2
2023-07-25,9.23
2023-07-26,9.25
2023-07-27,9.2
2023-07-28,9.42
2023-07-31,9.72
2023-08-01,9.61
2023-08-02,9.66
2023-08-03,9.7
2023-08-04,9.62
2023-08-07,9.62
2023-08-08,9.9
2023-08-09,9.77
2023-08-10,9.97
2023-08-11,9.93
2023-08-14,10.01
2023-08-15,9.91
2023-08-16,9.78
2023-08-17,9.88
2023-08-18,9.77
2023-08-21,9.62
2023-08-22,9.57
2023-08-23,9.43
2023-08-24,9.24
2023-08-25,9.27
2023-08-28,9.48
2023-08-29,9.73
2023-08-30,10.08
2023-08-31,9.99
2023-09-01,9.86
2023-09-04,9.79
2023-09-05,9.78
2023-09-06,9.92
2023-09-07,9.78
2023-09-08,9.81
2023-09-11,9.86
2023-09-12,9.73
2023-09-13,9.69
2023-09-14,9.61
2023-09-15,9.63
2023-09-18,9.78
2023-09-19,9.75
2023-09-20,9.78
2023-09-21,9.73
2023-09-22,9.79
2023-09-25,9.85
2023-09-26,9.86
2023-09-27,10.08
2023-09-28,10.4
2023-10-09,10.31
2023-10-10,10.46
2023-10-11,10.45
2023-10-12,10.44
2023-10-13,10.27
2023-10-16,10.13
2023-10-17,9.73
2023-10-18,9.71
2023-10-19,9.8
2023-10-20,9.58
2023-10-23,9.74
2023-10-24,9.92
2023-10-25,9.89
2023-10-26,10.16
2023-10-27,10.32
2023-10-30,10.39
2023-10-31,10.6
2023-11-01,10.7
2023-11-02,10.05
2023-11-03,10.34
2023-11-06,10.62
2023-11-07,10.66
2023-11-08,10.52
2023-11-09,10.57
2023-11-10,10.59
2023-11-13,10.7
2023-11-14,11.77
2023-11-15,11.38
2023-11-16,11.42
2023-11-17,11.46
2023-11-20,11.7
2023-11-21,11.61
2023-11-22,11.61
2023-11-23,11.66
2023-11-24,11.5
2023-11-27,11.42
2023-11-28,11.48
2023-11-29,11.35
2023-11-30,11.32
2023-12-01,11.37
2023-12-04,11.36
2023-12-05,10.96
2023-12-06,10.53
2023-12-07,10.77
2023-12-08,10.58
2023-12-11,10.73
2023-12-12,10.71
2023-12-13,10.9
2023-12-14,10.78
2023-12-15,10.92
2023-12-18,10.8
2023-12-19,10.81
2023-12-20,10.76
2023-12-21,10.88
2023-12-22,10.76
2023-12-25,10.72
2023-12-26,10.56
2023-12-27,10.84
2023-12-28,11.26
2023-12-29,11.49
2024-01-02,11.66
2024-01-03,11.66
2024-01-04,11.7
2024-01-05,11.66
2024-01-08,11.53
2024-01-09,11.28
2024-01-10,11.26
2024-01-11,11.59
2024-01-12,11.56
2024-01-15,11.52
2024-01-16,11.48
2024-01-17,11.24
2024-01-18,11.12
2024-01-19,11.1
2024-01-22,10.29
2024-01-23,10.06
2024-01-24,10.33
2024-01-25,10.59
2024-01-26,10.33
2024-01-29,10.34
2024-01-30,10.12
2024-01-31,9.69
2024-02-01,9.28
2024-02-02,9.0
2024-02-05,8.1
2024-02-06,8.36
2024-02-07,7.83
2024-02-08,8.48
2024-02-19,9.33
2024-02-20,9.54
2024-02-21,9.69
2024-02-22,9.89
2024-02-23,10.34
2024-02-26,10.28
2024-02-27,10.62
2024-02-28,9.93
2024-02-29,10.18
2024-03-01,10.2
2024-03-04,10.19
2024-03-05,10.04
2024-03-06,10.1
2024-03-07,10.1
2024-03-08,10.36
2024-03-11,10.69
2024-03-12,11.02
2024-03-13,11.13
2024-03-14,11.12
2024-03-15,11.78
2024-03-18,12.11
2024-03-19,11.87
2024-03-20,11.81
2024-03-21,11.76
2024-03-22,12.0
2024-03-25,12.03
2024-03-26,12.04
2024-03-27,11.81
2024-03-28,11.9
2024-03-29,11.96
2024-04-01,11.99
2024-04-02,11.89
2024-04-03,11.87
2024-04-08,11.92
2024-04-09,11.86
2024-04-10,11.4
2024-04-11,11.53
2024-04-12,11.25
2024-04-15,10.86
2024-04-16,9.94
2024-04-17,10.62
2024-04-18,10.4
2024-04-19,10.33
2024-04-22,10.43
2024-04-23,10.4
2024-04-24,10.5
2024-04-25,10.61
2024-04-26,10.75
2024-04-29,10.8
2024-04-30,10.87
2024-05-06,10.86
2024-05-07,10.86
2024-05-08,10.65
2024-05-09,10.63
2024-05-10,10.4
2024-05-13,10.66
2024-05-14,10.64
2024-05-15,10.22
2024-05-16,10.16
2024-05-17,10.14
2024-05-20,9.92
2024-05-21,9.12
2024-05-22,8.31
2024-05-23,8.12
2024-05-24,8.16
2024-05-27,8.08
2024-05-28,7.96
2024-05-29,8.01
2024-05-30,7.85
2024-05-31,7.97
2024-06-03,7.85
2024-06-04,7.72
2024-06-05,7.77
2024-06-06,7.41
2024-06-07,7.66
2024-06-11,7.54
2024-06-12,7.6
2024-06-13,7.5
2024-06-14,7.52
2024-06-17,7.43
2024-06-18,7.49
2024-06-19,7.42
2024-06-20,7.24
2024-06-21,7.27
2024-06-24,7.02
2024-06-25,7.04
2024-06-26,7.36
2024-06-27,7.22
2024-06-28,7.16
2024-07-01,7.24
2024-07-02,7.31
2024-07-03,7.2
2024-07-04,7.06
2024-07-05,7.14
2024-07-08,6.87
2024-07-09,6.91
2024-07-10,6.69
2024-07-11,7.02
2024-07-12,7.02
2024-07-15,6.88
2024-07-16,6.96
2024-07-17,6.85
2024-07-18,6.74
2024-07-19,6.76
2024-07-22,6.78
2024-07-23,6.59
2024-07-24,6.38
2024-07-25,6.47
2024-07-26,6.69
2024-07-29,6.66
2024-07-30,6.69
2024-07-31,6.92
2024-08-01,6.91
2024-08-02,6.88
2024-08-05,6.69
2024-08-06,6.83
2024-08-07,6.78
2024-08-08,6.76
2024-08-09,6.7
2024-08-12,6.6
2024-08-13,6.63
2024-08-14,5.97
2024-08-15,5.81
2024-08-16,5.63
2024-08-19,5.83
2024-08-20,5.71
2024-08-21,5.88
2024-08-22,5.78
2024-08-23,5.68
2024-08-26,5.8
2024-08-27,5.7
2024-08-28,5.77
2024-08-29,5.82
2024-08-30,5.9
2024-09-02,5.86
2024-09-03,6.06
2024-09-04,5.98
2024-09-05,6.01
2024-09-06,5.91
2024-09-09,5.87
2024-09-10,5.92
2024-09-11,5.89
2024-09-12,5.85
2024-09-13,5.75
2024-09-18,5.7
2024-09-19,5.88
2024-09-20,5.87
2024-09-23,5.91
2024-09-24,6.09
2024-09-25,6.17
2024-09-26,6.32
2024-09-27,6.52
2024-09-30,7.11
2024-10-08,7.59
2024-10-09,6.94
2024-10-10,6.92
2024-10-11,6.63
2024-10-14,6.67
2024-10-15,6.51
2024-10-16,6.44
2024-10-17,6.4
2024-10-18,6.45
2024-10-21,6.58
2024-10-22,6.7
2024-10-23,6.69
2024-10-24,6.77
2024-10-25,6.99
2024-10-28,7.31
2024-10-29,7.18
2024-10-30,7.33
2024-10-31,7.51
2024-11-01,7.37
2024-11-04,7.45
2024-11-05,7.48
2024-11-06,7.41
2024-11-07,7.52
2024-11-08,7.48
2024-11-11,7.7
2024-11-12,7.66
2024-11-13,7.73
2024-11-14,7.5
2024-11-15,7.54
2024-11-18,7.37
2024-11-19,7.57
2024-11-20,7.87
2024-11-21,8.06
2024-11-22,7.84
2024-11-25,7.85
2024-11-26,7.85
2024-11-27,8.19
2024-11-28,8.13
2024-11-29,8.27
2024-12-02,8.29
2024-12-03,8.44
2024-12-04,8.08
2024-12-05,8.11
2024-12-06,8.21
2024-12-09,8.2
2024-12-10,8.12
2024-12-11,8.28
2024-12-12,8.34
2024-12-13,8.28
2024-12-16,8.19
2024-12-17,7.79
2024-12-18,7.77
2024-12-19,7.77
2024-12-20,7.82
2024-12-23,7.5
2024-12-24,7.51
2024-12-25,7.41
2024-12-26,7.46
2024-12-27,7.52
2024-12-30,7.4
2024-12-31,7.29
2025-01-02,7.2
2025-01-03,6.88
2025-01-06,6.88
2025-01-07,6.92
2025-01-08,6.91
2025-01-09,6.86
2025-01-10,6.66
2025-01-13,6.77
2025-01-14,7.01
2025-01-15,7.03
2025-01-16,7.11
2025-01-17,7.14
2025-01-20,7.21
2025-01-21,7.1
2025-01-22,7.03
2025-01-23,7.73
2025-01-24,7.89
2025-01-27,7.1
2025-02-05,6.48
2025-02-06,6.55
2025-02-07,6.7
2025-02-10,6.94
2025-02-11,6.96
2025-02-12,6.94
2025-02-13,6.8
2025-02-14,6.8
2025-02-17,7.0
2025-02-18,6.91
2025-02-19,7.0
2025-02-20,7.12
2025-02-21,7.07
2025-02-24,7.09
2025-02-25,7.07
2025-02-26,7.13
2025-02-27,7.11
2025-02-28,6.9
2025-03-03,6.91
2025-03-04,7.06
2025-03-05,7.04
2025-03-06,7.28
2025-03-07,7.25
2025-03-10,7.27
2025-03-11,7.25
2025-03-12,7.23
2025-03-13,7.33
2025-03-14,7.42
2025-03-17,7.45
2025-03-18,7.39
2025-03-19,7.34
2025-03-20,7.39
2025-03-21,7.24
2025-03-24,7.04
2025-03-25,7.0
2025-03-26,7.13
2025-03-27,7.08
2025-03-28,7.08
2025-03-31,6.94
2025-04-01,7.06
2025-04-02,7.02
2025-04-03,7.05
2025-04-07,6.35
2025-04-08,6.13
2025-04-09,6.29
2025-04-10,6.4
2025-04-11,6.41
2025-04-14,6.48
2025-04-15,7.13
2025-04-16,6.79
2025-04-17,6.88
2025-04-18,6.67
2025-04-21,6.91
2025-04-22,7.06
2025-04-23,7.0
2025-04-24,6.93
2025-04-25,7.04
2025-04-28,6.91
2025-04-29,6.96
2025-04-30,7.05
2025-05-06,7.13
2025-05-07,7.19
2025-05-08,7.19
2025-05-09,7.14
2025-05-12,7.16
2025-05-13,7.15
2025-05-14,7.13
2025-05-15,7.06
2025-05-16,7.16
2025-05-19,7.19
2025-05-20,7.42
2025-05-21,7.26
2025-05-22,7.22
2025-05-23,7.06
2025-05-26,7.38
2025-05-27,7.48
2025-05-28,7.37
2025-05-29,7.42
2025-05-30,7.22
2025-06-03,7.29
2025-06-04,7.55
2025-06-05,7.44
2025-06-06,7.4
2025-06-09,7.48
2025-06-10,7.4
2025-06-11,7.5
2025-06-12,7.47
2025-06-13,7.25
2025-06-16,7.29
2025-06-17,7.21
2025-06-18,7.17
2025-06-19,6.98
2025-06-20,7.04
2025-06-23,7.11
2025-06-24,7.31
2025-06-25,7.39
2025-06-26,7.37
2025-06-27,7.39
2025-06-30,7.43
2025-07-01,7.43
2025-07-02,7.42
2025-07-03,7.46
2025-07-04,7.37
2025-07-07,7.54
2025-07-08,7.61
2025-07-09,7.66
2025-07-10,7.66
2025-07-11,7.64
2025-07-14,7.71
2025-07-15,7.64
2025-07-16,7.8
2025-07-17,7.7
2025-07-18,7.64
2025-07-21,7.72
2025-07-22,7.66
2025-07-23,7.55
2025-07-24,7.58
2025-07-25,7.57
2025-07-28,7.67
2025-07-29,7.64
2025-07-30,7.54
2025-07-31,7.48
2025-08-01,7.57
2025-08-04,7.64
2025-08-05,7.79
2025-08-06,7.8
2025-08-07,7.82
2025-08-08,7.89
2025-08-11,7.84
2025-08-12,7.77
2025-08-13,7.77
2025-08-14,7.63
2025-08-15,7.64
2025-08-18,7.62
2025-08-19,7.7
2025-08-20,7.85
2025-08-21,7.83
2025-08-22,7.8
2025-08-25,7.77
2025-08-26,8.17
2025-08-27,7.83
2025-08-28,7.83
2025-08-29,7.78
2025-09-01,7.7
2025-09-02,7.62
2025-09-03,7.7
2025-09-04,8.05
2025-09-05,8.56
2025-09-08,8.65
2025-09-09,8.54
2025-09-10,8.58
2025-09-11,8.58
2025-09-12,8.91
2025-09-15,8.65
2025-09-16,8.75
2025-09-17,8.84
2025-09-18,9.37
2025-09-19,9.05
2025-09-22,9.45
2025-09-23,9.46
2025-09-24,9.63
2025-09-25,9.51
2025-09-26,9.32
2025-09-29,9.16
2025-09-30,9.17
2025-10-09,9.51
2025-10-10,9.82
2025-10-13,9.63
2025-10-14,9.31
2025-10-15,9.36
2025-10-16,9.0
2025-10-17,8.42
2025-10-20,8.91
2025-10-21,9.08
2025-10-22,9.2
2025-10-23,9.03
2025-10-24,9.1
2025-10-27,9.49
2025-10-28,9.62
2025-10-29,9.08
2025-10-30,9.05
2025-10-31,8.94
2025-11-03,8.84
2025-11-04,8.9
2025-11-05,9.07
2025-11-06,9.05
2025-11-07,8.91
2025-11-10,9.07
2025-11-11,9.19
2025-11-12,9.01
2025-11-13,9.04
2025-11-14,9.04
2025-11-17,9.17
2025-11-18,8.9
2025-11-19,8.91
2025-11-20,8.97
2025-11-21,8.61
2025-11-24,8.7
2025-11-25,8.71
2025-11-26,8.68
2025-11-27,8.75
2025-11-28,9.15
2025-12-01,8.96
2025-12-02,9.0
2025-12-03,8.96
2025-12-04,8.86
2025-12-05,9.0
2025-12-08,8.94
2025-12-09,8.75
2025-12-10,8.76
2025-12-11,8.83
2025-12-12,8.86
2025-12-15,9.08
2025-12-16,9.0
2025-12-17,9.18
2025-12-18,9.16
2025-12-19,9.38
2025-12-22,9.67
2025-12-23,9.48
2025-12-24,9.51
2025-12-25,9.86
2025-12-26,9.7
2025-12-29,9.57
2025-12-30,9.68
2025-12-31,9.53
2026-01-05,9.68
2026-01-06,9.74
2026-01-07,10.55
2026-01-08,10.43
2026-01-09,10.61
2026-01-12,10.81
2026-01-13,10.38
2026-01-14,11.42
2026-01-15,10.75
2026-01-16,10.72
2026-01-19,10.75
2026-01-20,10.64
2026-01-21,11.01
2026-01-22,11.17
2026-01-23,11.11
2026-01-26,11.59
2026-01-27,11.37
2026-01-28,11.2
2026-01-29,11.13
2026-01-30,11.5
2026-02-02,11.06
2026-02-03,10.81
2026-02-04,11.04
2026-02-05,10.7
2026-02-06,11.3
2026-02-09,11.73
2026-02-10,11.79
2026-02-11,11.81
2026-02-12,11.72
2026-02-13,11.61
2026-02-24,11.31
2026-02-25,11.23
2026-02-26,11.26
2026-02-27,11.5
2026-03-02,10.98
2026-03-03,10.5
2026-03-04,10.43
2026-03-05,10.54
2026-03-06,10.62
2026-03-09,10.15
2026-03-10,10.17
2026-03-11,10.03
2026-03-12,10.05
2026-03-13,9.91
2026-03-16,9.95
2026-03-17,10.05
2026-03-18,11.06
2026-03-19,12.17
2026-03-20,13.39
2026-03-23,14.73
2026-03-24,14.75
2026-03-25,15.0
2026-03-26,16.5
2026-03-27,15.63
