date,close_raw
2017-06-15,24.77
2017-06-16,27.25
2017-06-19,29.98
2017-06-20,32.98
2017-06-21,30.24
2017-06-22,29.44
2017-06-23,28.32
2017-06-26,28.04
2017-06-27,28.05
2017-06-28,26.73
2017-06-29,26.53
2017-06-30,26.63
2017-07-03,26.38
2017-07-04,26.72
2017-07-05,26.99
2017-07-06,26.62
2017-07-07,26.86
2017-07-10,25.3
2017-07-11,25.0
2017-07-12,25.06
2017-07-13,24.61
2017-07-14,24.15
2017-07-17,21.74
2017-07-18,22.1
2017-07-19,23.51
2017-07-20,23.21
2017-07-21,22.52
2017-07-24,22.96
2017-07-25,22.68
2017-07-26,22.25
2017-07-27,22.7
2017-07-28,22.42
2017-07-31,22.52
2017-08-01,23.42
2017-08-02,22.9
2017-08-03,24.61
2017-08-04,24.19
2017-08-07,23.94
2017-08-08,23.7
2017-08-09,23.48
2017-08-10,22.73
2017-08-11,22.31
2017-08-14,22.64
2017-08-15,22.82
2017-08-16,22.85
2017-08-17,22.89
2017-08-18,22.57
2017-08-21,22.77
2017-08-22,23.57
2017-08-23,23.43
2017-08-24,23.24
2017-08-25,24.0
2017-08-28,24.49
2017-08-29,24.33
2017-08-30,23.69
2017-08-31,25.37
2017-09-01,27.14
2017-09-04,26.04
2017-09-05,26.14
2017-09-06,25.98
2017-09-07,25.74
2017-09-08,25.38
2017-09-11,25.61
2017-09-12,24.88
2017-09-13,25.04
2017-09-14,24.94
2017-09-15,24.77
2017-09-18,24.72
2017-09-19,24.96
2017-09-20,25.06
2017-09-21,24.57
2017-09-22,24.25
2017-09-25,23.91
2017-09-26,23.52
2017-09-27,23.62
2017-09-28,23.29
2017-09-29,23.34
2017-10-09,23.64
2017-10-10,24.19
2017-10-11,23.95
2017-10-12,23.74
2017-10-13,24.12
2017-10-16,23.48
2017-10-17,23.6
2017-10-18,23.2
2017-10-19,22.52
2017-10-20,22.86
2017-10-23,22.93
2017-10-24,22.82
2017-10-25,23.02
2017-10-26,23.7
2017-10-27,23.4
2017-10-30,22.67
2017-10-31,22.9
2017-11-01,22.91
2017-11-02,22.63
2017-11-03,22.69
2017-11-06,23.16
2017-11-07,23.05
2017-11-08,23.25
2017-11-09,23.33
2017-11-10,23.45
2017-11-13,23.17
2017-11-14,22.77
2017-11-15,22.59
2017-11-16,22.54
2017-11-17,21.28
2017-11-20,21.37
2017-11-21,21.04
2017-11-22,20.89
2017-11-23,20.17
2017-11-24,20.08
2017-11-27,20.01
2017-11-28,20.29
2017-11-29,20.64
2017-11-30,21.14
2017-12-01,21.21
2017-12-04,20.36
2017-12-05,19.81
2017-12-06,20.28
2017-12-07,20.07
2017-12-08,20.41
2017-12-11,20.5
2017-12-12,20.06
2017-12-13,20.15
2017-12-14,20.11
2017-12-15,20.01
2017-12-18,20.15
2017-12-19,20.28
2017-12-20,19.96
2017-12-21,20.23
2017-12-22,20.02
2017-12-25,19.73
2017-12-26,20.54
2017-12-27,20.29
2017-12-28,20.32
2017-12-29,20.63
2018-01-02,20.95
2018-01-03,21.33
2018-01-04,21.36
2018-01-05,21.1
2018-01-08,21.13
2018-01-09,20.72
2018-01-10,20.31
2018-01-11,21.21
2018-01-12,20.79
2018-01-15,21.67
2018-01-16,21.92
2018-01-17,21.68
2018-01-18,22.67
2018-01-19,21.91
2018-01-22,21.55
2018-01-23,21.45
2018-01-24,21.88
2018-01-25,21.48
2018-01-26,21.14
2018-01-29,20.65
2018-01-30,20.99
2018-01-31,20.24
2018-02-01,19.74
2018-02-02,19.37
2018-02-05,19.61
2018-02-06,17.67
2018-02-07,18.02
2018-02-08,18.19
2018-02-09,17.51
2018-02-12,17.93
2018-02-13,18.23
2018-02-14,18.04
2018-02-22,18.88
2018-02-23,18.63
2018-02-26,18.97
2018-02-27,18.91
2018-02-28,19.29
2018-03-01,20.16
2018-03-02,20.05
2018-03-05,19.89
2018-03-06,20.2
2018-03-07,19.7
2018-03-08,19.83
2018-03-09,19.9
2018-03-12,20.33
2018-03-13,19.74
2018-03-14,19.86
2018-03-15,19.56
2018-03-16,19.32
2018-03-19,19.42
2018-03-20,19.04
2018-03-21,19.46
2018-03-22,19.27
2018-03-23,17.64
2018-03-26,17.91
2018-03-27,18.27
2018-03-28,18.15
2018-03-29,18.42
2018-03-30,18.63
2018-04-02,18.65
2018-04-03,18.21
2018-04-04,18.35
2018-04-09,18.26
2018-04-10,18.77
2018-04-11,19.33
2018-04-12,19.07
2018-04-13,18.95
2018-04-16,18.5
2018-04-17,17.98
2018-04-18,18.23
2018-04-19,18.3
2018-04-20,17.89
2018-04-23,17.98
2018-04-24,18.44
2018-04-25,18.54
2018-04-26,18.31
2018-04-27,17.47
2018-05-02,17.39
2018-05-03,17.56
2018-05-04,17.41
2018-05-07,17.73
2018-05-08,18.09
2018-05-09,18.76
2018-05-10,18.6
2018-05-11,18.44
2018-05-15,17.9
2018-05-16,18.26
2018-05-17,18.92
2018-05-18,18.98
2018-05-21,19.45
2018-05-22,19.66
2018-05-23,19.11
2018-05-24,19.0
2018-05-25,18.92
2018-05-28,18.99
2018-05-29,19.22
2018-05-30,17.84
2018-05-31,18.09
2018-06-01,17.69
2018-06-04,17.77
2018-06-05,18.15
2018-06-06,18.23
2018-06-07,17.84
2018-06-08,17.58
2018-06-11,17.32
2018-06-12,16.49
2018-06-13,15.84
2018-06-14,15.85
2018-06-15,15.5
2018-06-19,15.16
2018-06-20,15.66
2018-06-21,15.98
2018-06-22,16.31
2018-06-25,16.17
2018-06-26,16.27
2018-06-27,15.92
2018-06-28,15.56
2018-06-29,16.2
2018-07-02,15.99
2018-07-03,16.24
2018-07-04,16.1
2018-07-05,15.01
2018-07-06,14.86
2018-07-09,15.19
2018-07-10,15.32
2018-07-11,14.86
2018-07-12,15.35
2018-07-13,15.35
2018-07-16,15.39
2018-07-17,15.31
2018-07-18,15.21
2018-07-19,14.93
2018-07-20,15.18
2018-07-23,15.25
2018-07-24,15.7
2018-07-25,15.63
2018-07-26,15.55
2018-07-27,15.42
2018-07-30,15.35
2018-07-31,15.27
2018-08-01,14.89
2018-08-02,14.27
2018-08-03,13.98
2018-08-06,13.72
2018-08-07,14.05
2018-08-08,13.81
2018-08-09,14.04
2018-08-10,14.04
2018-08-13,13.99
2018-08-14,13.9
2018-08-15,13.68
2018-08-16,13.44
2018-08-17,13.31
2018-08-20,13.45
2018-08-21,13.52
2018-08-22,13.36
2018-08-23,13.39
2018-08-24,13.27
2018-08-27,13.56
2018-08-28,13.86
2018-08-29,13.63
2018-08-30,13.61
2018-08-31,13.4
2018-09-03,13.09
2018-09-04,13.23
2018-09-05,12.91
2018-09-06,13.01
2018-09-07,13.03
2018-09-10,12.71
2018-09-11,12.82
2018-09-12,12.8
2018-09-13,13.15
2018-09-14,12.9
2018-09-17,12.73
2018-09-18,13.0
2018-09-19,12.98
2018-09-20,12.91
2018-09-21,13.1
2018-09-25,13.03
2018-09-26,13.01
2018-09-27,12.85
2018-09-28,13.16
2018-10-08,12.62
2018-10-09,12.71
2018-10-10,12.89
2018-10-11,11.6
2018-10-12,11.38
2018-10-15,11.19
2018-10-16,10.86
2018-10-17,10.97
2018-10-18,10.58
2018-10-19,10.81
2018-10-22,11.44
2018-10-23,11.18
2018-10-24,11.3
2018-10-25,11.2
2018-10-26,11.3
2018-10-29,11.4
2018-10-30,11.8
2018-10-31,11.89
2018-11-01,11.74
2018-11-02,12.0
2018-11-05,12.06
2018-11-06,12.04
2018-11-07,12.02
2018-11-08,11.92
2018-11-09,11.91
2018-11-12,12.33
2018-11-13,12.45
2018-11-14,12.31
2018-11-15,12.69
2018-11-16,12.82
2018-11-19,12.9
2018-11-20,12.5
2018-11-21,12.54
2018-11-22,12.85
2018-11-23,12.21
2018-11-26,12.24
2018-11-27,12.36
2018-11-28,12.49
2018-11-29,12.27
2018-11-30,12.37
2018-12-03,12.74
2018-12-04,12.79
2018-12-05,12.79
2018-12-06,12.52
2018-12-07,12.69
2018-12-10,12.44
2018-12-11,12.51
2018-12-12,12.41
2018-12-13,12.6
2018-12-14,12.36
2018-12-17,12.14
2018-12-18,12.0
2018-12-19,11.99
2018-12-20,12.03
2018-12-21,12.02
2018-12-24,12.08
2018-12-25,11.84
2018-12-26,11.84
2018-12-27,11.77
2018-12-28,11.77
2019-01-02,11.73
2019-01-03,11.68
2019-01-04,11.92
2019-01-07,12.11
2019-01-08,12.15
2019-01-09,12.16
2019-01-10,12.08
2019-01-11,12.14
2019-01-14,12.12
2019-01-15,12.23
2019-01-16,12.15
2019-01-17,12.1
2019-01-18,12.21
2019-01-21,12.45
2019-01-22,12.37
2019-01-23,12.49
2019-01-24,12.42
2019-01-25,12.31
2019-01-28,12.31
2019-01-29,12.18
2019-01-30,12.23
2019-01-31,11.99
2019-02-01,12.28
2019-02-11,12.53
2019-02-12,12.74
2019-02-13,12.9
2019-02-14,12.93
2019-02-15,12.84
2019-02-18,13.28
2019-02-19,13.18
2019-02-20,13.13
2019-02-21,13.02
2019-02-22,13.26
2019-02-25,13.81
2019-02-26,13.85
2019-02-27,13.76
2019-02-28,13.96
2019-03-01,14.05
2019-03-04,14.16
2019-03-05,14.31
2019-03-06,14.38
2019-03-07,14.54
2019-03-08,13.68
2019-03-11,14.14
2019-03-12,14.4
2019-03-13,14.18
2019-03-14,13.68
2019-03-15,13.8
2019-03-18,14.24
2019-03-19,14.68
2019-03-20,14.49
2019-03-21,14.51
2019-03-22,15.27
2019-03-25,16.35
2019-03-26,15.01
2019-03-27,16.51
2019-03-28,15.9
2019-03-29,15.96
2019-04-01,17.2
2019-04-02,18.91
2019-04-03,17.91
2019-04-04,18.19
2019-04-08,20.01
2019-04-09,20.19
2019-04-10,19.98
2019-04-11,18.55
2019-04-12,17.79
2019-04-15,17.41
2019-04-16,17.81
2019-04-17,18.22
2019-04-18,18.29
2019-04-19,17.43
2019-04-22,17.48
2019-04-23,17.15
2019-04-24,16.41
2019-04-25,15.98
2019-04-26,15.85
2019-04-29,16.17
2019-04-30,16.38
2019-05-06,15.86
2019-05-07,16.01
2019-05-08,15.7
2019-05-09,15.43
2019-05-10,15.75
2019-05-13,15.54
2019-05-14,15.43
2019-05-15,15.98
2019-05-16,15.91
2019-05-17,15.51
2019-05-20,15.07
2019-05-21,15.33
2019-05-22,15.11
2019-05-23,14.93
2019-05-24,14.87
2019-05-27,15.19
2019-05-28,14.92
2019-05-29,14.82
2019-05-30,14.49
2019-05-31,14.29
2019-06-03,13.98
2019-06-04,13.64
2019-06-05,13.82
2019-06-06,13.78
2019-06-10,14.17
2019-06-11,14.6
2019-06-12,14.05
2019-06-13,9.89
2019-06-14,9.47
2019-06-17,9.48
2019-06-18,9.42
2019-06-19,9.48
2019-06-20,9.61
2019-06-21,9.72
2019-06-24,9.61
2019-06-25,9.35
2019-06-26,9.2
2019-06-27,9.35
2019-06-28,9.06
2019-07-01,9.37
2019-07-02,9.33
2019-07-03,9.18
2019-07-04,9.15
2019-07-05,9.25
2019-07-08,8.88
2019-07-09,8.92
2019-07-10,8.77
2019-07-11,8.85
2019-07-12,9.02
2019-07-15,9.1
2019-07-16,9.09
2019-07-17,9.15
2019-07-18,8.82
2019-07-19,8.89
2019-07-22,8.11
2019-07-23,8.46
2019-07-24,8.67
2019-07-25,8.53
2019-07-26,8.49
2019-07-29,8.36
2019-07-30,8.35
2019-07-31,8.33
2019-08-01,8.22
2019-08-02,8.03
2019-08-05,7.97
2019-08-06,7.67
2019-08-07,7.65
2019-08-08,7.64
2019-08-09,7.59
2019-08-12,7.68
2019-08-13,7.72
2019-08-14,7.69
2019-08-15,7.76
2019-08-16,8.54
2019-08-19,8.69
2019-08-20,8.49
2019-08-21,8.52
2019-08-22,8.53
2019-08-23,8.56
2019-08-26,8.42
2019-08-27,8.61
2019-08-28,8.62
2019-08-29,8.67
2019-08-30,8.35
2019-09-02,8.85
2019-09-03,8.78
2019-09-04,8.89
2019-09-05,9.01
2019-09-06,9.01
2019-09-09,9.05
2019-09-10,9.07
2019-09-11,9.23
2019-09-12,9.35
2019-09-16,9.73
2019-09-17,9.96
2019-09-18,9.84
2019-09-19,9.64
2019-09-20,9.51
2019-09-23,9.31
2019-09-24,9.26
2019-09-25,9.0
2019-09-26,8.8
2019-09-27,8.94
2019-09-30,8.83
2019-10-08,9.01
2019-10-09,9.11
2019-10-10,9.14
2019-10-11,9.04
2019-10-14,9.15
2019-10-15,9.02
2019-10-16,8.9
2019-10-17,8.83
2019-10-18,8.67
2019-10-21,8.7
2019-10-22,8.71
2019-10-23,8.68
2019-10-24,8.69
2019-10-25,8.69
2019-10-28,8.86
2019-10-29,8.68
2019-10-30,8.4
2019-10-31,7.87
2019-11-01,7.92
2019-11-04,7.95
2019-11-05,7.93
2019-11-06,7.91
2019-11-07,7.91
2019-11-08,7.97
2019-11-11,7.72
2019-11-12,7.71
2019-11-13,7.84
2019-11-14,7.78
2019-11-15,7.62
2019-11-18,7.67
2019-11-19,7.77
2019-11-20,7.74
2019-11-21,7.71
2019-11-22,7.68
2019-11-25,7.82
2019-11-26,7.77
2019-11-27,7.71
2019-11-28,7.8
2019-11-29,7.57
2019-12-02,7.65
2019-12-03,7.65
2019-12-04,7.64
2019-12-05,7.65
2019-12-06,7.65
2019-12-09,7.67
2019-12-10,7.77
2019-12-11,7.73
2019-12-12,7.67
2019-12-13,7.79
2019-12-16,7.93
2019-12-17,8.02
2019-12-18,7.94
2019-12-19,7.99
2019-12-20,7.89
2019-12-23,7.72
2019-12-24,7.81
2019-12-25,7.79
2019-12-26,7.88
2019-12-27,7.89
2019-12-30,7.99
2019-12-31,8.25
2020-01-02,8.37
2020-01-03,8.3
2020-01-06,8.26
2020-01-07,8.31
2020-01-08,8.19
2020-01-09,8.27
2020-01-10,8.41
2020-01-13,8.39
2020-01-14,8.33
2020-01-15,8.23
2020-01-16,8.16
2020-01-17,8.15
2020-01-20,8.16
2020-01-21,7.97
2020-01-22,7.95
2020-01-23,7.75
2020-02-03,6.98
2020-02-04,6.76
2020-02-05,6.86
2020-02-06,6.91
2020-02-07,6.9
2020-02-10,7.07
2020-02-11,7.07
2020-02-12,7.13
2020-02-13,7.17
2020-02-14,7.19
2020-02-17,7.38
2020-02-18,7.48
2020-02-19,7.51
2020-02-20,7.74
2020-02-21,7.63
2020-02-24,7.5
2020-02-25,7.46
2020-02-26,7.42
2020-02-27,7.55
2020-02-28,7.43
2020-03-02,8.17
2020-03-03,7.96
2020-03-04,8.76
2020-03-05,8.91
2020-03-06,8.6
2020-03-09,8.1
2020-03-10,8.34
2020-03-11,8.04
2020-03-12,7.94
2020-03-13,7.86
2020-03-16,7.57
2020-03-17,7.63
2020-03-18,7.63
2020-03-19,7.76
2020-03-20,7.83
2020-03-23,7.48
2020-03-24,7.59
2020-03-25,7.71
2020-03-26,7.54
2020-03-27,7.53
2020-03-30,7.29
2020-03-31,7.19
2020-04-01,7.05
2020-04-02,7.13
2020-04-03,7.04
2020-04-07,7.22
2020-04-08,7.23
2020-04-09,7.25
2020-04-10,7.08
2020-04-13,7.03
2020-04-14,7.11
2020-04-15,7.05
2020-04-16,7.06
2020-04-17,7.07
2020-04-20,7.13
2020-04-21,7.2
2020-04-22,7.4
2020-04-23,7.28
2020-04-24,7.17
2020-04-27,7.14
2020-04-28,6.93
2020-04-29,6.81
2020-04-30,6.88
2020-05-06,6.94
2020-05-07,6.92
2020-05-08,6.99
2020-05-11,7.01
2020-05-12,7.0
2020-05-13,7.03
2020-05-14,6.97
2020-05-15,6.97
2020-05-18,6.89
2020-05-19,6.92
2020-05-20,6.88
2020-05-21,6.89
2020-05-22,6.84
2020-05-25,6.83
2020-05-26,6.92
2020-05-27,6.98
2020-05-28,6.96
2020-05-29,6.95
2020-06-01,7.07
2020-06-02,7.13
2020-06-03,7.09
2020-06-04,7.13
2020-06-05,7.16
2020-06-08,7.17
2020-06-09,7.19
2020-06-10,7.05
2020-06-11,7.0
2020-06-12,6.98
2020-06-15,7.04
2020-06-16,7.12
2020-06-17,7.13
2020-06-18,7.15
2020-06-19,7.17
2020-06-22,7.19
2020-06-23,7.18
2020-06-24,7.21
2020-06-29,7.28
2020-06-30,6.97
2020-07-01,6.84
2020-07-02,6.9
2020-07-03,6.97
2020-07-06,7.26
2020-07-07,7.22
2020-07-08,7.3
2020-07-09,7.42
2020-07-10,7.33
2020-07-13,7.48
2020-07-14,7.41
2020-07-15,7.24
2020-07-16,7.06
2020-07-17,7.09
2020-07-20,7.41
2020-07-21,7.39
2020-07-22,7.31
2020-07-23,7.27
2020-07-24,7.08
2020-07-27,7.05
2020-07-28,7.08
2020-07-29,7.17
2020-07-30,7.21
2020-07-31,7.29
2020-08-03,7.44
2020-08-04,7.39
2020-08-05,7.38
2020-08-06,7.33
2020-08-07,7.3
2020-08-10,7.5
2020-08-11,7.31
2020-08-12,7.32
2020-08-13,7.37
2020-08-14,7.4
2020-08-17,7.48
2020-08-18,7.52
2020-08-19,7.42
2020-08-20,7.34
2020-08-21,7.37
2020-08-24,7.34
2020-08-25,7.31
2020-08-26,8.04
2020-08-27,7.65
2020-08-28,7.46
2020-08-31,7.49
2020-09-01,7.44
2020-09-02,7.42
2020-09-03,7.33
2020-09-04,7.33
2020-09-07,7.34
2020-09-08,7.45
2020-09-09,7.38
2020-09-10,7.25
2020-09-11,7.22
2020-09-14,7.2
2020-09-15,7.14
2020-09-16,7.15
2020-09-17,7.14
2020-09-18,7.16
2020-09-21,7.16
2020-09-22,7.08
2020-09-23,7.07
2020-09-24,6.94
2020-09-25,6.86
2020-09-28,6.74
2020-09-29,6.77
2020-09-30,6.82
2020-10-09,6.92
2020-10-12,7.0
2020-10-13,7.0
2020-10-14,6.95
2020-10-15,7.14
2020-10-16,7.14
2020-10-19,7.1
2020-10-20,7.07
2020-10-21,6.96
2020-10-22,6.87
2020-10-23,6.82
2020-10-26,6.83
2020-10-27,6.87
2020-10-28,6.86
2020-10-29,6.83
2020-10-30,6.74
2020-11-02,6.73
2020-11-03,6.82
2020-11-04,6.79
2020-11-05,6.83
2020-11-06,6.8
2020-11-09,6.87
2020-11-10,6.91
2020-11-11,6.93
2020-11-12,6.82
2020-11-13,6.85
2020-11-16,7.06
2020-11-17,7.06
2020-11-18,7.11
2020-11-19,7.08
2020-11-20,7.03
2020-11-23,7.35
2020-11-24,7.21
2020-11-25,7.08
2020-11-26,7.01
2020-11-27,6.95
2020-11-30,6.94
2020-12-01,7.0
2020-12-02,6.99
2020-12-03,6.95
2020-12-04,6.98
2020-12-07,6.97
2020-12-08,6.88
2020-12-09,6.81
2020-12-10,6.81
2020-12-11,6.75
2020-12-14,6.76
2020-12-15,6.86
2020-12-16,6.76
2020-12-17,6.76
2020-12-18,6.77
2020-12-21,6.81
2020-12-22,6.71
2020-12-23,6.76
2020-12-24,6.75
2020-12-25,6.69
2020-12-28,6.49
2020-12-29,6.45
2020-12-30,6.4
2020-12-31,6.47
2021-01-04,6.47
2021-01-05,6.57
2021-01-06,6.44
2021-01-07,6.29
2021-01-08,6.21
2021-01-11,6.09
2021-01-12,6.12
2021-01-13,6.0
2021-01-14,6.03
2021-01-15,6.17
2021-01-18,6.2
2021-01-19,6.28
2021-01-20,6.28
2021-01-21,6.26
2021-01-22,6.26
2021-01-25,6.14
2021-01-26,6.1
2021-01-27,6.11
2021-01-28,6.05
2021-01-29,5.99
2021-02-01,6.12
2021-02-02,6.31
2021-02-03,6.13
2021-02-04,6.06
2021-02-05,6.07
2021-02-08,6.26
2021-02-09,6.26
2021-02-10,6.41
2021-02-18,6.43
2021-02-19,6.55
2021-02-22,6.8
2021-02-23,6.8
2021-02-24,6.88
2021-02-25,6.79
2021-02-26,6.73
2021-03-01,6.74
2021-03-02,6.49
2021-03-03,6.6
2021-03-04,6.69
2021-03-05,6.68
2021-03-08,6.67
2021-03-09,6.76
2021-03-10,6.53
2021-03-11,6.59
2021-03-12,6.66
2021-03-15,6.61
2021-03-16,6.68
2021-03-17,6.64
2021-03-18,6.59
2021-03-19,6.56
2021-03-22,6.63
2021-03-23,6.57
2021-03-24,6.5
2021-03-25,6.51
2021-03-26,6.53
2021-03-29,6.49
2021-03-30,6.44
2021-03-31,6.42
2021-04-01,6.42
2021-04-02,6.45
2021-04-06,6.48
2021-04-07,6.54
2021-04-08,6.47
2021-04-09,6.46
2021-04-12,6.44
2021-04-13,6.38
2021-04-14,6.42
2021-04-15,6.38
2021-04-16,6.49
2021-04-19,6.58
2021-04-20,6.51
2021-04-21,6.49
2021-04-22,6.5
2021-04-23,6.38
2021-04-26,6.39
2021-04-27,6.32
2021-04-28,6.4
2021-04-29,6.41
2021-04-30,6.55
2021-05-06,6.6
2021-05-07,6.62
2021-05-10,6.69
2021-05-11,6.78
2021-05-12,6.75
2021-05-13,6.74
2021-05-14,6.78
2021-05-17,6.74
2021-05-18,6.72
2021-05-19,6.64
2021-05-20,6.76
2021-05-21,6.67
2021-05-24,6.82
2021-05-25,6.84
2021-05-26,6.83
2021-05-27,6.82
2021-05-28,6.81
2021-05-31,6.9
2021-06-01,6.94
2021-06-02,6.97
2021-06-03,6.92
2021-06-04,6.7
2021-06-07,6.8
2021-06-08,6.72
2021-06-09,6.86
2021-06-10,6.8
2021-06-11,6.73
2021-06-15,6.74
2021-06-16,6.66
2021-06-17,6.64
2021-06-18,6.73
2021-06-21,6.69
2021-06-22,6.76
2021-06-23,6.74
2021-06-24,6.65
2021-06-25,6.7
2021-06-28,6.71
2021-06-29,6.55
2021-06-30,6.54
2021-07-01,6.4
2021-07-02,6.44
2021-07-05,6.5
2021-07-06,6.54
2021-07-07,6.55
2021-07-08,6.52
2021-07-09,6.51
2021-07-12,6.57
2021-07-13,6.71
2021-07-14,6.73
2021-07-15,6.68
2021-07-16,6.74
2021-07-19,6.8
2021-07-20,6.73
2021-07-21,6.78
2021-07-22,6.8
2021-07-23,6.79
2021-07-26,6.83
2021-07-27,6.69
2021-07-28,6.56
2021-07-29,6.63
2021-07-30,6.63
2021-08-02,6.69
2021-08-03,6.8
2021-08-04,6.8
2021-08-05,6.75
2021-08-06,6.73
2021-08-09,6.85
2021-08-10,6.88
2021-08-11,6.89
2021-08-12,6.99
2021-08-13,7.03
2021-08-16,6.91
2021-08-17,6.84
2021-08-18,6.92
2021-08-19,6.95
2021-08-20,6.88
2021-08-23,7.0
2021-08-24,7.11
2021-08-25,6.81
2021-08-26,6.84
2021-08-27,6.78
2021-08-30,6.82
2021-08-31,6.79
2021-09-01,6.72
2021-09-02,6.77
2021-09-03,6.9
2021-09-06,6.88
2021-09-07,7.02
2021-09-08,7.1
2021-09-09,7.19
2021-09-10,7.16
2021-09-13,7.31
2021-09-14,7.15
2021-09-15,7.35
2021-09-16,7.24
2021-09-17,7.36
2021-09-22,7.51
2021-09-23,7.44
2021-09-24,7.21
2021-09-27,6.78
2021-09-28,6.81
2021-09-29,6.62
2021-09-30,6.67
2021-10-08,6.79
2021-10-11,6.76
2021-10-12,6.65
2021-10-13,6.6
2021-10-14,6.63
2021-10-15,6.5
2021-10-18,6.56
2021-10-19,6.6
2021-10-20,6.53
2021-10-21,6.46
2021-10-22,6.45
2021-10-25,6.45
2021-10-26,6.38
2021-10-27,6.13
2021-10-28,6.0
2021-10-29,6.05
2021-11-01,6.08
2021-11-02,5.91
2021-11-03,5.96
2021-11-04,5.96
2021-11-05,5.94
2021-11-08,5.99
2021-11-09,6.04
2021-11-10,6.07
2021-11-11,6.09
2021-11-12,6.1
2021-11-15,6.15
2021-11-16,6.12
2021-11-17,6.14
2021-11-18,6.12
2021-11-19,6.15
2021-11-22,6.14
2021-11-23,6.13
2021-11-24,6.11
2021-11-25,6.1
2021-11-26,6.08
2021-11-29,6.02
2021-11-30,6.11
2021-12-01,6.17
2021-12-02,6.16
2021-12-03,6.17
2021-12-06,6.11
2021-12-07,6.1
2021-12-08,6.09
2021-12-09,6.2
2021-12-10,6.23
2021-12-13,6.29
2021-12-14,6.33
2021-12-15,6.27
2021-12-16,6.27
2021-12-17,6.26
2021-12-20,6.23
2021-12-21,6.36
2021-12-22,6.35
2021-12-23,6.26
2021-12-24,6.19
2021-12-27,6.19
2021-12-28,6.26
2021-12-29,6.28
2021-12-30,6.28
2021-12-31,6.32
2022-01-04,6.4
2022-01-05,6.34
2022-01-06,6.36
2022-01-07,6.32
2022-01-10,6.36
2022-01-11,6.37
2022-01-12,6.4
2022-01-13,6.41
2022-01-14,6.29
2022-01-17,6.35
2022-01-18,6.28
2022-01-19,6.37
2022-01-20,6.28
2022-01-21,6.23
2022-01-24,6.09
2022-01-25,5.91
2022-01-26,5.96
2022-01-27,5.9
2022-01-28,6.05
2022-02-07,6.13
2022-02-08,6.28
2022-02-09,6.32
2022-02-10,6.31
2022-02-11,6.25
2022-02-14,6.25
2022-02-15,6.23
2022-02-16,6.28
2022-02-17,6.23
2022-02-18,6.3
2022-02-21,6.32
2022-02-22,6.3
2022-02-23,6.29
2022-02-24,6.14
2022-02-25,6.16
2022-02-28,6.13
2022-03-01,6.15
2022-03-02,6.25
2022-03-03,6.26
2022-03-04,6.19
2022-03-07,6.12
2022-03-08,5.94
2022-03-09,5.84
2022-03-10,5.91
2022-03-11,6.0
2022-03-14,5.87
2022-03-15,5.63
2022-03-16,5.75
2022-03-17,5.76
2022-03-18,5.83
2022-03-21,5.85
2022-03-22,5.9
2022-03-23,5.89
2022-03-24,5.9
2022-03-25,5.89
2022-03-28,5.91
2022-03-29,5.86
2022-03-30,5.89
2022-03-31,5.95
2022-04-01,5.94
2022-04-06,6.03
2022-04-07,5.94
2022-04-08,5.9
2022-04-11,5.76
2022-04-12,5.9
2022-04-13,5.85
2022-04-14,5.89
2022-04-15,5.8
2022-04-18,5.88
2022-04-19,5.98
2022-04-20,5.91
2022-04-21,5.7
2022-04-22,5.72
2022-04-25,5.37
2022-04-26,5.12
2022-04-27,5.13
2022-04-28,4.97
2022-04-29,5.12
2022-05-05,5.07
2022-05-06,4.93
2022-05-09,5.02
2022-05-10,5.01
2022-05-11,4.99
2022-05-12,5.07
2022-05-13,5.09
2022-05-16,5.1
2022-05-17,5.08
2022-05-18,5.15
2022-05-19,5.18
2022-05-20,5.18
2022-05-23,5.25
2022-05-24,5.03
2022-05-25,5.14
2022-05-26,5.17
2022-05-27,5.16
2022-05-30,5.21
2022-05-31,5.21
2022-06-01,5.09
2022-06-02,5.16
2022-06-06,5.24
2022-06-07,5.19
2022-06-08,5.23
2022-06-09,5.14
2022-06-10,5.17
2022-06-13,5.14
2022-06-14,5.16
2022-06-15,5.15
2022-06-16,5.15
2022-06-17,5.12
2022-06-20,5.16
2022-06-21,5.15
2022-06-22,5.06
2022-06-23,5.16
2022-06-24,5.17
2022-06-27,5.2
2022-06-28,5.28
2022-06-29,5.27
2022-06-30,5.27
2022-07-01,5.27
2022-07-04,5.26
2022-07-05,5.22
2022-07-06,5.15
2022-07-07,5.16
2022-07-08,5.17
2022-07-11,5.13
2022-07-12,5.07
2022-07-13,5.1
2022-07-14,5.04
2022-07-15,4.88
2022-07-18,4.99
2022-07-19,5.08
2022-07-20,5.1
2022-07-21,5.12
2022-07-22,5.13
2022-07-25,5.19
2022-07-26,5.21
2022-07-27,5.26
2022-07-28,5.24
2022-07-29,5.26
2022-08-01,5.31
2022-08-02,5.21
2022-08-03,5.16
2022-08-04,5.2
2022-08-05,5.24
2022-08-08,5.24
2022-08-09,5.26
2022-08-10,5.23
2022-08-11,5.35
2022-08-12,5.34
2022-08-15,5.37
2022-08-16,5.4
2022-08-17,5.38
2022-08-18,5.34
2022-08-19,5.56
2022-08-22,5.41
2022-08-23,5.63
2022-08-24,5.5
2022-08-25,5.37
2022-08-26,5.29
2022-08-29,5.35
2022-08-30,5.3
2022-08-31,5.18
2022-09-01,5.16
2022-09-02,5.23
2022-09-05,5.27
2022-09-06,5.41
2022-09-07,5.35
2022-09-08,5.31
2022-09-09,5.32
2022-09-13,5.27
2022-09-14,5.19
2022-09-15,5.12
2022-09-16,4.97
2022-09-19,4.94
2022-09-20,4.95
2022-09-21,5.01
2022-09-22,4.92
2022-09-23,4.86
2022-09-26,4.69
2022-09-27,4.77
2022-09-28,4.74
2022-09-29,4.67
2022-09-30,4.64
2022-10-10,4.61
2022-10-11,4.62
2022-10-12,4.75
2022-10-13,4.75
2022-10-14,4.78
2022-10-17,4.8
2022-10-18,4.82
2022-10-19,4.74
2022-10-20,4.74
2022-10-21,4.72
2022-10-24,4.62
2022-10-25,4.63
2022-10-26,4.69
2022-10-27,4.69
2022-10-28,4.53
2022-10-31,4.52
2022-11-01,4.61
2022-11-02,4.67
2022-11-03,4.65
2022-11-04,4.7
2022-11-07,4.73
2022-11-08,4.75
2022-11-09,4.79
2022-11-10,4.77
2022-11-11,4.78
2022-11-14,4.82
2022-11-15,4.84
2022-11-16,4.83
2022-11-17,4.97
2022-11-18,4.82
2022-11-21,4.86
2022-11-22,4.86
2022-11-23,4.82
2022-11-24,4.83
2022-11-25,4.83
2022-11-28,4.83
2022-11-29,4.89
2022-11-30,4.91
2022-12-01,4.92
2022-12-02,4.96
2022-12-05,5.01
2022-12-06,4.97
2022-12-07,4.97
2022-12-08,4.97
2022-12-09,4.98
2022-12-12,4.9
2022-12-13,4.96
2022-12-14,4.95
2022-12-15,4.91
2022-12-16,4.87
2022-12-19,4.77
2022-12-20,4.75
2022-12-21,4.72
2022-12-22,4.65
2022-12-23,4.65
2022-12-26,4.67
2022-12-27,4.69
2022-12-28,4.67
2022-12-29,4.61
2022-12-30,4.65
2023-01-03,4.7
2023-01-04,4.76
2023-01-05,4.73
2023-01-06,4.72
2023-01-09,4.74
2023-01-10,4.67
2023-01-11,4.63
2023-01-12,4.63
2023-01-13,4.66
2023-01-16,4.71
2023-01-17,4.71
2023-01-18,4.74
2023-01-19,4.77
2023-01-20,4.79
2023-01-30,4.81
2023-01-31,4.83
2023-02-01,4.87
2023-02-02,4.9
2023-02-03,4.9
2023-02-06,4.89
2023-02-07,4.9
2023-02-08,4.89
2023-02-09,4.92
2023-02-10,4.92
2023-02-13,4.91
2023-02-14,5.0
2023-02-15,4.98
2023-02-16,4.96
2023-02-17,4.91
2023-02-20,4.94
2023-02-21,4.95
2023-02-22,4.97
2023-02-23,4.94
2023-02-24,4.96
2023-02-27,4.94
2023-02-28,4.96
2023-03-01,4.97
2023-03-02,4.98
2023-03-03,4.97
2023-03-06,4.93
2023-03-07,4.86
2023-03-08,4.88
2023-03-09,4.91
2023-03-10,4.86
2023-03-13,4.81
2023-03-14,4.74
2023-03-15,4.81
2023-03-16,4.75
2023-03-17,4.76
2023-03-20,4.82
2023-03-21,4.85
2023-03-22,4.82
2023-03-23,4.83
2023-03-24,4.88
2023-03-27,4.88
2023-03-28,4.85
2023-03-29,4.77
2023-03-30,4.72
2023-03-31,4.74
2023-04-03,4.76
2023-04-04,4.7
2023-04-06,4.69
2023-04-07,4.67
2023-04-10,4.62
2023-04-11,4.61
2023-04-12,4.64
2023-04-13,4.64
2023-04-14,4.64
2023-04-17,4.65
2023-04-18,4.64
2023-04-19,4.59
2023-04-20,4.57
2023-04-21,4.49
2023-04-24,4.44
2023-04-25,4.36
2023-04-26,4.41
2023-04-27,4.44
2023-04-28,4.5
2023-05-04,4.56
2023-05-05,4.58
2023-05-08,4.58
2023-05-09,4.56
2023-05-10,4.53
2023-05-11,4.58
2023-05-12,4.55
2023-05-15,4.59
2023-05-16,4.54
2023-05-17,4.62
2023-05-18,4.59
2023-05-19,4.59
2023-05-22,4.57
2023-05-23,4.54
2023-05-24,4.55
2023-05-25,4.51
2023-05-26,4.51
2023-05-29,4.54
2023-05-30,4.4
2023-05-31,4.38
2023-06-01,4.4
2023-06-02,4.44
2023-06-05,4.45
2023-06-06,4.39
2023-06-07,4.37
2023-06-08,4.4
2023-06-09,4.39
2023-06-12,4.44
2023-06-13,4.47
2023-06-14,4.45
2023-06-15,4.46
2023-06-16,4.38
2023-06-19,4.31
2023-06-20,4.25
2023-06-21,4.2
2023-06-26,4.2
2023-06-27,4.24
2023-06-28,4.25
2023-06-29,4.25
2023-06-30,4.27
2023-07-03,4.31
2023-07-04,4.31
2023-07-05,4.31
2023-07-06,4.3
2023-07-07,4.28
2023-07-10,4.32
2023-07-11,4.33
2023-07-12,4.31
2023-07-13,4.33
2023-07-14,4.33
2023-07-17,4.33
2023-07-18,4.35
2023-07-19,4.36
2023-07-20,4.34
2023-07-21,4.37
2023-07-24,4.36
2023-07-25,4.43
2023-07-26,4.47
2023-07-27,4.49
2023-07-28,4.5
2023-07-31,4.56
2023-08-01,4.57
2023-08-02,4.56
2023-08-03,4.56
2023-08-04,4.53
2023-08-07,4.49
2023-08-08,4.49
2023-08-09,4.47
2023-08-10,4.5
2023-08-11,4.44
2023-08-14,4.52
2023-08-15,4.54
2023-08-16,4.52
2023-08-17,4.52
2023-08-18,4.5
2023-08-21,4.51
2023-08-22,4.47
2023-08-23,4.41
2023-08-24,4.4
2023-08-25,4.4
2023-08-28,4.51
2023-08-29,4.49
2023-08-30,4.48
2023-08-31,4.43
2023-09-01,4.5
2023-09-04,4.57
2023-09-05,4.56
2023-09-06,4.59
2023-09-07,4.56
2023-09-08,4.59
2023-09-11,4.6
2023-09-12,4.55
2023-09-13,4.55
2023-09-14,4.53
2023-09-15,4.54
2023-09-18,4.58
2023-09-19,4.55
2023-09-20,4.51
2023-09-21,4.51
2023-09-22,4.55
2023-09-25,4.52
2023-09-26,4.49
2023-09-27,4.5
2023-09-28,4.52
2023-10-09,4.49
2023-10-10,4.45
2023-10-11,4.46
2023-10-12,4.47
2023-10-13,4.43
2023-10-16,4.44
2023-10-17,4.44
2023-10-18,4.35
2023-10-19,4.34
2023-10-20,4.33
2023-10-23,4.25
2023-10-24,4.38
2023-10-25,4.46
2023-10-26,4.47
2023-10-27,4.55
2023-10-30,4.61
2023-10-31,4.63
2023-11-01,4.65
2023-11-02,4.69
2023-11-03,4.69
2023-11-06,4.67
2023-11-07,4.72
2023-11-08,4.66
2023-11-09,4.66
2023-11-10,4.7
2023-11-13,4.81
2023-11-14,4.7
2023-11-15,4.73
2023-11-16,4.71
2023-11-17,4.77
2023-11-20,4.77
2023-11-21,4.76
2023-11-22,4.74
2023-11-23,4.79
2023-11-24,4.79
2023-11-27,4.78
2023-11-28,4.81
2023-11-29,4.77
2023-11-30,4.73
2023-12-01,4.74
2023-12-04,4.73
2023-12-05,4.66
2023-12-06,4.75
2023-12-07,4.7
2023-12-08,4.58
2023-12-11,4.65
2023-12-12,4.65
2023-12-13,4.63
2023-12-14,4.64
2023-12-15,4.67
2023-12-18,4.62
2023-12-19,4.64
2023-12-20,4.6
2023-12-21,4.67
2023-12-22,4.6
2023-12-25,4.56
2023-12-26,4.56
2023-12-27,4.57
2023-12-28,4.65
2023-12-29,4.67
2024-01-02,4.77
2024-01-03,4.79
2024-01-04,4.8
2024-01-05,4.75
2024-01-08,4.7
2024-01-09,4.74
2024-01-10,4.74
2024-01-11,4.75
2024-01-12,4.73
2024-01-15,4.71
2024-01-16,4.72
2024-01-17,4.78
2024-01-18,4.89
2024-01-19,4.94
2024-01-22,4.66
2024-01-23,4.19
2024-01-24,4.23
2024-01-25,4.38
2024-01-26,4.43
2024-01-29,4.23
2024-01-30,4.07
2024-01-31,3.83
2024-02-01,3.76
2024-02-02,3.56
2024-02-05,3.2
2024-02-06,3.13
2024-02-07,2.95
2024-02-08,3.1
2024-02-19,3.21
2024-02-20,3.25
2024-02-21,3.36
2024-02-22,3.4
2024-02-23,3.52
2024-02-26,3.55
2024-02-27,3.64
2024-02-28,3.51
2024-02-29,3.61
2024-03-01,3.58
2024-03-04,3.46
2024-03-05,3.37
2024-03-06,3.38
2024-03-07,3.39
2024-03-08,3.41
2024-03-11,3.47
2024-03-12,3.54
2024-03-13,3.49
2024-03-14,3.53
2024-03-15,3.61
2024-03-18,3.7
2024-03-19,3.67
2024-03-20,3.77
2024-03-21,3.77
2024-03-22,3.68
2024-03-25,3.57
2024-03-26,3.61
2024-03-27,3.52
2024-03-28,3.61
2024-03-29,3.71
2024-04-01,3.85
2024-04-02,4.02
2024-04-03,3.88
2024-04-08,3.71
2024-04-09,3.88
2024-04-10,3.82
2024-04-11,3.86
2024-04-12,3.85
2024-04-15,3.77
2024-04-16,3.39
2024-04-17,3.57
2024-04-18,3.53
2024-04-19,3.56
2024-04-22,3.4
2024-04-23,3.45
2024-04-24,3.48
2024-04-25,3.56
2024-04-26,3.64
2024-04-29,3.74
2024-04-30,3.96
2024-05-06,4.26
2024-05-07,4.69
2024-05-08,4.7
2024-05-09,4.68
2024-05-10,4.48
2024-05-13,4.38
2024-05-14,4.36
2024-05-15,4.39
2024-05-16,4.41
2024-05-17,4.4
2024-05-20,4.39
2024-05-21,4.31
2024-05-22,4.31
2024-05-23,4.23
2024-05-24,4.21
2024-05-27,4.24
2024-05-28,4.15
2024-05-29,4.18
2024-05-30,4.13
2024-05-31,4.13
2024-06-03,3.99
2024-06-04,3.92
2024-06-05,3.84
2024-06-06,3.62
2024-06-07,3.84
2024-06-11,3.78
2024-06-12,3.89
2024-06-13,3.83
2024-06-14,3.8
2024-06-17,3.7
2024-06-18,3.81
2024-06-19,3.85
2024-06-20,3.78
2024-06-21,3.77
2024-06-24,3.61
2024-06-25,3.61
2024-06-26,3.76
2024-06-27,3.72
2024-06-28,3.74
2024-07-01,3.81
2024-07-02,3.85
2024-07-03,3.8
2024-07-04,3.69
2024-07-05,3.81
2024-07-08,3.66
2024-07-09,3.75
2024-07-10,3.47
2024-07-11,3.58
2024-07-12,3.57
2024-07-15,3.51
2024-07-16,3.41
2024-07-17,3.36
2024-07-18,3.33
2024-07-19,3.38
2024-07-22,3.38
2024-07-23,3.34
2024-07-24,3.25
2024-07-25,3.28
2024-07-26,3.36
2024-07-29,3.36
2024-07-30,3.39
2024-07-31,3.48
2024-08-01,3.45
2024-08-02,3.44
2024-08-05,3.36
2024-08-06,3.4
2024-08-07,3.43
2024-08-08,3.48
2024-08-09,3.44
2024-08-12,3.42
2024-08-13,3.46
2024-08-14,3.41
2024-08-15,3.45
2024-08-16,3.39
2024-08-19,3.35
2024-08-20,3.3
2024-08-21,3.63
2024-08-22,3.46
2024-08-23,3.38
2024-08-26,3.43
2024-08-27,3.38
2024-08-28,3.4
2024-08-29,3.39
2024-08-30,3.45
2024-09-02,3.43
2024-09-03,3.47
2024-09-04,3.42
2024-09-05,3.43
2024-09-06,3.33
2024-09-09,3.35
2024-09-10,3.37
2024-09-11,3.33
2024-09-12,3.32
2024-09-13,3.27
2024-09-18,3.22
2024-09-19,3.32
2024-09-20,3.27
2024-09-23,3.27
2024-09-24,3.39
2024-09-25,3.47
2024-09-26,3.56
2024-09-27,3.68
2024-09-30,4.03
2024-10-08,4.27
2024-10-09,3.98
2024-10-10,3.99
2024-10-11,3.9
2024-10-14,3.97
2024-10-15,3.88
2024-10-16,3.9
2024-10-17,3.81
2024-10-18,3.89
2024-10-21,3.94
2024-10-22,3.97
2024-10-23,4.02
2024-10-24,4.05
2024-10-25,4.13
2024-10-28,4.28
2024-10-29,4.15
2024-10-30,4.32
2024-10-31,4.33
2024-11-01,4.19
2024-11-04,4.26
2024-11-05,4.31
2024-11-06,4.29
2024-11-07,4.4
2024-11-08,4.41
2024-11-11,4.41
2024-11-12,4.38
2024-11-13,4.36
2024-11-14,4.25
2024-11-15,4.21
2024-11-18,4.23
2024-11-19,4.29
2024-11-20,4.39
2024-11-21,4.4
2024-11-22,4.26
2024-11-25,4.35
2024-11-26,4.32
2024-11-27,4.27
2024-11-28,4.38
2024-11-29,4.45
2024-12-02,4.62
2024-12-03,4.68
2024-12-04,4.64
2024-12-05,4.63
2024-12-06,4.7
2024-12-09,4.7
2024-12-10,4.69
2024-12-11,4.72
2024-12-12,4.84
2024-12-13,4.68
2024-12-16,4.72
2024-12-17,4.46
2024-12-18,4.44
2024-12-19,4.44
2024-12-20,4.52
2024-12-23,4.2
2024-12-24,4.62
2024-12-25,5.08
2024-12-26,5.59
2024-12-27,5.13
2024-12-30,4.86
2024-12-31,4.37
2025-01-02,4.38
2025-01-03,4.02
2025-01-06,3.95
2025-01-07,4.05
2025-01-08,4.05
2025-01-09,4.08
2025-01-10,4.0
2025-01-13,3.95
2025-01-14,4.16
2025-01-15,4.13
2025-01-16,4.17
2025-01-17,4.17
2025-01-20,4.25
2025-01-21,4.25
2025-01-22,4.23
2025-01-23,4.23
2025-01-24,4.19
2025-01-27,4.33
2025-02-05,4.53
2025-02-06,4.65
2025-02-07,4.61
2025-02-10,4.62
2025-02-11,4.66
2025-02-12,4.65
2025-02-13,4.61
2025-02-14,4.56
2025-02-17,4.75
2025-02-18,4.68
2025-02-19,4.84
2025-02-20,5.04
2025-02-21,4.92
2025-02-24,4.92
2025-02-25,4.85
2025-02-26,5.01
2025-02-27,4.96
2025-02-28,4.8
2025-03-03,4.83
2025-03-04,4.86
2025-03-05,4.83
2025-03-06,4.88
2025-03-07,4.84
2025-03-10,4.79
2025-03-11,4.79
2025-03-12,4.74
2025-03-13,4.7
2025-03-14,4.77
2025-03-17,4.78
2025-03-18,4.84
2025-03-19,4.8
2025-03-20,4.83
2025-03-21,4.73
2025-03-24,4.63
2025-03-25,4.68
2025-03-26,4.77
2025-03-27,4.82
2025-03-28,4.6
2025-03-31,4.52
2025-04-01,4.61
2025-04-02,4.63
2025-04-03,4.6
2025-04-07,4.14
2025-04-08,3.92
2025-04-09,4.03
2025-04-10,4.11
2025-04-11,4.13
2025-04-14,4.26
2025-04-15,4.28
2025-04-16,4.2
2025-04-17,4.31
2025-04-18,4.27
2025-04-21,4.3
2025-04-22,4.33
2025-04-23,4.39
2025-04-24,4.4
2025-04-25,4.43
2025-04-28,4.38
2025-04-29,4.82
2025-04-30,4.58
2025-05-06,4.75
2025-05-07,4.79
2025-05-08,4.7
2025-05-09,4.61
2025-05-12,4.63
2025-05-13,4.56
2025-05-14,4.6
2025-05-15,4.51
2025-05-16,4.96
2025-05-19,5.46
2025-05-20,5.15
2025-05-21,5.11
2025-05-22,4.92
2025-05-23,4.77
2025-05-26,4.79
2025-05-27,4.81
2025-05-28,4.75
2025-05-29,4.77
2025-05-30,4.67
2025-06-03,4.71
2025-06-04,4.79
2025-06-05,4.79
2025-06-06,4.73
2025-06-09,5.2
2025-06-10,5.72
2025-06-11,5.5
2025-06-12,5.28
2025-06-13,5.14
2025-06-16,5.14
2025-06-17,5.07
2025-06-18,4.96
2025-06-19,4.87
2025-06-20,4.91
2025-06-23,5.08
2025-06-24,5.59
2025-06-25,5.63
2025-06-26,5.59
2025-06-27,5.63
2025-06-30,5.68
2025-07-01,5.68
2025-07-02,5.48
2025-07-03,5.48
2025-07-04,5.68
2025-07-07,6.07
2025-07-08,5.86
2025-07-09,5.72
2025-07-10,5.74
2025-07-11,5.78
2025-07-14,5.74
2025-07-15,5.47
2025-07-16,5.79
2025-07-17,5.58
2025-07-18,5.47
2025-07-21,5.86
2025-07-22,5.62
2025-07-23,5.99
2025-07-24,6.17
2025-07-25,6.01
2025-07-28,6.02
2025-07-29,5.97
2025-07-30,5.94
2025-07-31,5.98
2025-08-01,6.06
2025-08-04,6.03
2025-08-05,5.97
2025-08-06,5.95
2025-08-07,5.92
2025-08-08,6.02
2025-08-11,5.96
2025-08-12,6.01
2025-08-13,5.9
2025-08-14,5.62
2025-08-15,5.67
2025-08-18,5.71
2025-08-19,5.72
2025-08-20,5.72
2025-08-21,5.65
2025-08-22,5.59
2025-08-25,5.57
2025-08-26,5.61
2025-08-27,5.38
2025-08-28,5.28
2025-08-29,5.23
2025-09-01,5.29
2025-09-02,5.29
2025-09-03,5.4
2025-09-04,5.45
2025-09-05,5.45
2025-09-08,5.46
2025-09-09,5.62
2025-09-10,5.56
2025-09-11,5.54
2025-09-12,5.63
2025-09-15,5.64
2025-09-16,5.82
2025-09-17,6.4
2025-09-18,6.22
2025-09-19,5.78
2025-09-22,5.72
2025-09-23,5.67
2025-09-24,5.74
2025-09-25,5.59
2025-09-26,5.52
2025-09-29,5.62
2025-09-30,5.66
2025-10-09,5.61
2025-10-10,5.63
2025-10-13,5.51
2025-10-14,5.38
2025-10-15,5.51
2025-10-16,5.38
2025-10-17,5.41
2025-10-20,5.51
2025-10-21,5.55
2025-10-22,5.54
2025-10-23,5.54
2025-10-24,5.51
2025-10-27,5.54
2025-10-28,5.51
2025-10-29,5.36
2025-10-30,5.23
2025-10-31,5.3
2025-11-03,5.49
2025-11-04,5.41
2025-11-05,5.75
2025-11-06,5.63
2025-11-07,5.67
2025-11-10,5.71
2025-11-11,5.72
2025-11-12,5.62
2025-11-13,5.69
2025-11-14,5.69
2025-11-17,5.87
2025-11-18,5.71
2025-11-19,5.6
2025-11-20,5.51
2025-11-21,5.18
2025-11-24,5.2
2025-11-25,5.29
2025-11-26,5.31
2025-11-27,5.38
2025-11-28,5.37
2025-12-01,5.37
2025-12-02,5.33
2025-12-03,5.26
2025-12-04,5.26
2025-12-05,5.3
2025-12-08,5.37
2025-12-09,5.33
2025-12-10,5.21
2025-12-11,5.07
2025-12-12,5.05
2025-12-15,5.08
2025-12-16,4.93
2025-12-17,4.98
2025-12-18,5.05
2025-12-19,5.14
2025-12-22,5.17
2025-12-23,5.11
2025-12-24,5.13
2025-12-25,5.17
2025-12-26,5.12
2025-12-29,5.14
2025-12-30,5.07
2025-12-31,5.04
2026-01-05,5.07
2026-01-06,5.13
2026-01-07,5.06
2026-01-08,5.11
2026-01-09,5.13
2026-01-12,5.2
2026-01-13,5.24
2026-01-14,5.27
2026-01-15,5.29
2026-01-16,5.21
2026-01-19,5.39
2026-01-20,5.55
2026-01-21,5.94
2026-01-22,5.75
2026-01-23,5.69
2026-01-26,5.6
2026-01-27,5.52
2026-01-28,5.85
2026-01-29,6.44
2026-01-30,6.55
2026-02-09,7.21
2026-02-10,7.93
2026-02-11,8.72
2026-02-12,8.64
2026-02-13,7.78
2026-02-24,8.26
2026-02-25,8.4
2026-02-26,8.24
2026-02-27,8.07
2026-03-02,7.82
2026-03-03,7.28
2026-03-04,7.54
2026-03-05,7.42
2026-03-06,7.75
2026-03-09,7.61
2026-03-10,7.71
2026-03-11,7.85
2026-03-12,7.58
2026-03-13,7.38
2026-03-16,7.25
2026-03-17,7.05
2026-03-18,7.07
2026-03-19,6.75
2026-03-20,6.45
2026-03-23,6.13
2026-03-24,6.3
2026-03-25,6.46
2026-03-26,6.44
2026-03-27,6.45
