date,close_raw
2020-07-09,370.45
2020-07-10,338.05
2020-07-13,349.1
2020-07-14,435.0
2020-07-15,404.0
2020-07-16,415.0
2020-07-17,367.0
2020-07-20,335.69
2020-07-21,354.37
2020-07-22,342.16
2020-07-23,339.86
2020-07-24,301.45
2020-07-27,281.5
2020-07-28,292.3
2020-07-29,301.99
2020-07-30,309.22
2020-07-31,313.09
2020-08-03,331.66
2020-08-04,317.49
2020-08-05,319.19
2020-08-06,313.11
2020-08-07,294.2
2020-08-10,297.98
2020-08-11,288.55
2020-08-12,287.02
2020-08-13,291.2
2020-08-14,293.8
2020-08-17,293.15
2020-08-18,310.0
2020-08-19,306.01
2020-08-20,286.77
2020-08-21,273.86
2020-08-24,262.9
2020-08-25,267.15
2020-08-26,250.1
2020-08-27,253.0
2020-08-28,252.0
2020-08-31,255.01
2020-09-01,251.05
2020-09-02,245.0
2020-09-03,247.99
2020-09-04,243.8
2020-09-07,216.77
2020-09-08,218.9
2020-09-09,211.64
2020-09-10,211.89
2020-09-11,218.41
2020-09-14,220.1
2020-09-15,225.0
2020-09-16,221.7
2020-09-17,229.56
2020-09-18,242.0
2020-09-21,237.0
2020-09-22,229.65
2020-09-23,234.49
2020-09-24,228.0
2020-09-25,223.89
2020-09-28,236.99
2020-09-29,233.65
2020-09-30,230.0
2020-10-09,232.3
2020-10-12,264.87
2020-10-13,276.76
2020-10-14,273.3
2020-10-15,280.0
2020-10-16,299.9
2020-10-19,328.88
2020-10-20,305.16
2020-10-21,320.7
2020-10-22,294.0
2020-10-23,296.14
2020-10-26,277.13
2020-10-27,283.06
2020-10-28,280.88
2020-10-29,276.12
2020-10-30,282.2
2020-11-02,265.35
2020-11-03,274.49
2020-11-04,271.7
2020-11-05,273.66
2020-11-06,268.22
2020-11-09,279.08
2020-11-10,286.5
2020-11-11,266.27
2020-11-12,265.0
2020-11-13,275.1
2020-11-16,272.71
2020-11-17,265.55
2020-11-18,252.0
2020-11-19,253.89
2020-11-20,257.83
2020-11-23,254.01
2020-11-24,255.01
2020-11-25,250.01
2020-11-26,247.7
2020-11-27,244.6
2020-11-30,245.4
2020-12-01,247.69
2020-12-02,253.34
2020-12-03,260.85
2020-12-04,265.8
2020-12-07,275.88
2020-12-08,266.03
2020-12-09,258.76
2020-12-10,252.25
2020-12-11,250.11
2020-12-14,263.4
2020-12-15,264.16
2020-12-16,253.83
2020-12-17,253.0
2020-12-18,248.68
2020-12-21,249.48
2020-12-22,242.99
2020-12-23,240.62
2020-12-24,228.68
2020-12-25,230.0
2020-12-28,233.3
2020-12-29,225.03
2020-12-30,225.91
2020-12-31,235.68
2021-01-04,246.01
2021-01-05,246.84
2021-01-06,241.9
2021-01-07,241.59
2021-01-08,249.9
2021-01-11,235.49
2021-01-12,233.5
2021-01-13,228.2
2021-01-14,238.53
2021-01-15,231.8
2021-01-18,237.06
2021-01-19,241.89
2021-01-20,235.48
2021-01-21,242.95
2021-01-22,238.95
2021-01-25,236.5
2021-01-26,229.55
2021-01-27,226.7
2021-01-28,224.0
2021-01-29,216.88
2021-02-01,215.56
2021-02-02,215.7
2021-02-03,207.53
2021-02-04,200.2
2021-02-05,199.77
2021-02-08,201.45
2021-02-09,207.8
2021-02-10,206.82
2021-02-18,211.48
2021-02-19,214.09
2021-02-22,210.43
2021-02-23,205.01
2021-02-24,209.15
2021-02-25,205.61
2021-02-26,204.22
2021-03-01,209.0
2021-03-02,205.42
2021-03-03,209.38
2021-03-04,208.48
2021-03-05,212.5
2021-03-08,202.82
2021-03-09,194.66
2021-03-10,191.25
2021-03-11,192.87
2021-03-12,190.33
2021-03-15,186.0
2021-03-16,183.32
2021-03-17,184.86
2021-03-18,185.51
2021-03-19,182.03
2021-03-22,183.95
2021-03-23,181.27
2021-03-24,199.56
2021-03-25,192.3
2021-03-26,193.2
2021-03-29,191.53
2021-03-30,188.3
2021-03-31,182.87
2021-04-01,183.0
2021-04-02,186.35
2021-04-06,187.86
2021-04-07,185.53
2021-04-08,183.09
2021-04-09,184.02
2021-04-12,175.01
2021-04-13,168.01
2021-04-14,169.0
2021-04-15,168.46
2021-04-16,172.3
2021-04-19,175.78
2021-04-20,170.9
2021-04-21,177.0
2021-04-22,173.92
2021-04-23,173.09
2021-04-26,172.1
2021-04-27,169.7
2021-04-28,170.3
2021-04-29,169.09
2021-04-30,175.71
2021-05-06,171.45
2021-05-07,170.6
2021-05-10,173.17
2021-05-11,171.12
2021-05-12,172.87
2021-05-13,179.2
2021-05-14,179.48
2021-05-17,180.86
2021-05-18,191.45
2021-05-19,191.38
2021-05-20,192.18
2021-05-21,186.1
2021-05-24,185.3
2021-05-25,187.71
2021-05-26,187.51
2021-05-27,192.94
2021-05-28,189.0
2021-05-31,197.3
2021-06-01,201.95
2021-06-02,196.51
2021-06-03,204.5
2021-06-04,203.03
2021-06-07,205.28
2021-06-08,197.02
2021-06-09,195.52
2021-06-10,197.6
2021-06-11,189.34
2021-06-15,214.0
2021-06-16,208.0
2021-06-17,213.48
2021-06-18,209.6
2021-06-21,221.5
2021-06-22,222.52
2021-06-23,219.7
2021-06-24,215.33
2021-06-25,222.8
2021-06-28,224.27
2021-06-29,216.77
2021-06-30,216.95
2021-07-01,211.34
2021-07-02,203.96
2021-07-05,208.17
2021-07-06,208.0
2021-07-07,207.2
2021-07-08,210.65
2021-07-09,202.9
2021-07-12,212.0
2021-07-13,211.7
2021-07-14,205.06
2021-07-15,200.98
2021-07-16,201.15
2021-07-19,198.7
2021-07-20,197.3
2021-07-21,200.88
2021-07-22,200.2
2021-07-23,186.18
2021-07-26,190.0
2021-07-27,200.85
2021-07-28,189.96
2021-07-29,193.88
2021-07-30,191.87
2021-08-02,191.35
2021-08-03,191.86
2021-08-04,195.8
2021-08-05,198.99
2021-08-06,199.8
2021-08-09,202.0
2021-08-10,198.99
2021-08-11,196.75
2021-08-12,194.6
2021-08-13,189.38
2021-08-16,188.75
2021-08-17,185.51
2021-08-18,184.82
2021-08-19,186.2
2021-08-20,189.02
2021-08-23,191.99
2021-08-24,192.3
2021-08-25,187.38
2021-08-26,181.91
2021-08-27,180.65
2021-08-30,182.17
2021-08-31,178.32
2021-09-01,177.09
2021-09-02,176.88
2021-09-03,181.02
2021-09-06,181.0
2021-09-07,180.18
2021-09-08,180.06
2021-09-09,177.26
2021-09-10,178.58
2021-09-13,177.78
2021-09-14,176.81
2021-09-15,173.95
2021-09-16,178.58
2021-09-17,175.96
2021-09-22,178.02
2021-09-23,177.3
2021-09-24,174.6
2021-09-27,170.44
2021-09-28,171.17
2021-09-29,169.12
2021-09-30,168.81
2021-10-08,170.1
2021-10-11,170.01
2021-10-12,168.03
2021-10-13,169.83
2021-10-14,168.9
2021-10-15,169.5
2021-10-18,166.06
2021-10-19,168.34
2021-10-20,167.29
2021-10-21,168.67
2021-10-22,169.91
2021-10-25,174.6
2021-10-26,176.96
2021-10-27,175.08
2021-10-28,171.0
2021-10-29,175.0
2021-11-01,175.0
2021-11-02,171.5
2021-11-03,176.8
2021-11-04,176.05
2021-11-05,175.6
2021-11-08,170.61
2021-11-09,170.65
2021-11-10,169.93
2021-11-11,172.1
2021-11-12,172.09
2021-11-15,172.56
2021-11-16,173.71
2021-11-17,172.1
2021-11-18,179.95
2021-11-19,178.54
2021-11-22,178.85
2021-11-23,178.49
2021-11-24,181.33
2021-11-25,184.05
2021-11-26,190.71
2021-11-29,191.82
2021-11-30,188.67
2021-12-01,188.99
2021-12-02,181.61
2021-12-03,181.88
2021-12-06,177.52
2021-12-07,174.89
2021-12-08,176.89
2021-12-09,178.97
2021-12-10,179.77
2021-12-13,177.96
2021-12-14,177.69
2021-12-15,175.32
2021-12-16,175.37
2021-12-17,172.51
2021-12-20,172.31
2021-12-21,172.65
2021-12-22,172.91
2021-12-23,172.18
2021-12-24,169.47
2021-12-27,171.99
2021-12-28,172.49
2021-12-29,173.02
2021-12-30,173.0
2021-12-31,173.4
2022-01-04,174.0
2022-01-05,171.16
2022-01-06,171.37
2022-01-07,170.26
2022-01-10,171.24
2022-01-11,169.6
2022-01-12,169.98
2022-01-13,171.2
2022-01-14,171.68
2022-01-17,174.18
2022-01-18,173.79
2022-01-19,172.91
2022-01-20,171.89
2022-01-21,168.1
2022-01-24,167.08
2022-01-25,160.05
2022-01-26,158.5
2022-01-27,149.57
2022-01-28,146.73
2022-02-07,142.2
2022-02-08,143.17
2022-02-09,147.28
2022-02-10,145.34
2022-02-11,145.0
2022-02-14,142.51
2022-02-15,143.95
2022-02-16,144.8
2022-02-17,151.53
2022-02-18,148.87
2022-02-21,149.72
2022-02-22,142.43
2022-02-23,145.42
2022-02-24,141.69
2022-02-25,143.89
2022-02-28,138.11
2022-03-01,138.74
2022-03-02,138.13
2022-03-03,138.1
2022-03-04,138.41
2022-03-07,132.66
2022-03-08,129.39
2022-03-09,123.8
2022-03-10,124.01
2022-03-11,124.18
2022-03-14,119.0
2022-03-15,111.7
2022-03-16,111.54
2022-03-17,114.5
2022-03-18,115.29
2022-03-21,114.0
2022-03-22,113.38
2022-03-23,114.3
2022-03-24,111.5
2022-03-25,110.7
2022-03-28,108.67
2022-03-29,107.5
2022-03-30,110.0
2022-03-31,110.89
2022-04-01,109.53
2022-04-06,108.78
2022-04-07,106.99
2022-04-08,102.95
2022-04-11,97.6
2022-04-12,100.06
2022-04-13,99.86
2022-04-14,99.9
2022-04-15,97.5
2022-04-18,99.1
2022-04-19,97.6
2022-04-20,96.4
2022-04-21,93.79
2022-04-22,91.16
2022-04-25,81.56
2022-04-26,77.0
2022-04-27,78.45
2022-04-28,75.35
2022-04-29,81.35
2022-05-05,83.94
2022-05-06,84.56
2022-05-09,87.13
2022-05-10,87.15
2022-05-11,87.15
2022-05-12,88.18
2022-05-13,88.8
2022-05-16,88.45
2022-05-17,91.71
2022-05-18,92.83
2022-05-19,92.76
2022-05-20,93.2
2022-05-23,93.51
2022-05-24,88.35
2022-05-25,90.15
2022-05-26,91.5
2022-05-27,89.32
2022-05-30,90.19
2022-05-31,92.51
2022-06-01,95.95
2022-06-02,102.49
2022-06-06,106.09
2022-06-07,102.99
2022-06-08,101.82
2022-06-09,97.09
2022-06-10,98.53
2022-06-13,101.29
2022-06-14,99.08
2022-06-15,98.61
2022-06-16,98.89
2022-06-17,100.2
2022-06-20,100.76
2022-06-21,100.29
2022-06-22,98.2
2022-06-23,101.28
2022-06-24,104.07
2022-06-27,102.73
2022-06-28,103.7
2022-06-29,100.1
2022-06-30,101.0
2022-07-01,99.96
2022-07-04,100.0
2022-07-05,96.74
2022-07-06,97.99
2022-07-07,97.0
2022-07-08,100.99
2022-07-11,98.2
2022-07-12,94.1
2022-07-13,94.44
2022-07-14,97.0
2022-07-15,94.86
2022-07-18,97.48
2022-07-19,99.33
2022-07-20,100.44
2022-07-21,101.48
2022-07-22,100.38
2022-07-25,99.1
2022-07-26,99.99
2022-07-27,104.07
2022-07-28,108.15
2022-07-29,105.16
2022-08-01,114.88
2022-08-02,123.66
2022-08-03,117.21
2022-08-04,117.99
2022-08-05,122.93
2022-08-08,125.66
2022-08-09,123.4
2022-08-10,125.3
2022-08-11,124.48
2022-08-12,120.0
2022-08-15,118.36
2022-08-16,117.88
2022-08-17,117.03
2022-08-18,118.89
2022-08-19,114.0
2022-08-22,114.05
2022-08-23,112.9
2022-08-24,106.05
2022-08-25,104.4
2022-08-26,103.81
2022-08-29,103.98
2022-08-30,102.19
2022-08-31,99.5
2022-09-01,99.85
2022-09-02,102.01
2022-09-05,98.98
2022-09-06,99.2
2022-09-07,101.15
2022-09-08,98.02
2022-09-09,98.6
2022-09-13,100.1
2022-09-14,100.28
2022-09-15,96.91
2022-09-16,95.61
2022-09-19,91.79
2022-09-20,91.5
2022-09-21,90.66
2022-09-22,90.68
2022-09-23,87.64
2022-09-26,85.28
2022-09-27,88.91
2022-09-28,86.88
2022-09-29,86.67
2022-09-30,84.67
2022-10-10,88.69
2022-10-11,86.81
2022-10-12,99.93
2022-10-13,99.18
2022-10-14,101.18
2022-10-17,105.9
2022-10-18,105.0
2022-10-19,101.24
2022-10-20,101.47
2022-10-21,106.47
2022-10-24,106.56
2022-10-25,102.0
2022-10-26,105.19
2022-10-27,103.12
2022-10-28,99.76
2022-10-31,112.24
2022-11-01,109.48
2022-11-02,111.97
2022-11-03,111.9
2022-11-04,112.66
2022-11-07,112.2
2022-11-08,112.36
2022-11-09,112.96
2022-11-10,111.64
2022-11-11,110.5
2022-11-14,114.54
2022-11-15,115.95
2022-11-16,115.27
2022-11-17,116.18
2022-11-18,113.99
2022-11-21,113.99
2022-11-22,109.12
2022-11-23,105.66
2022-11-24,105.79
2022-11-25,103.24
2022-11-28,101.73
2022-11-29,104.0
2022-11-30,103.98
2022-12-01,104.88
2022-12-02,107.4
2022-12-05,106.35
2022-12-06,105.99
2022-12-07,104.63
2022-12-08,102.31
2022-12-09,115.77
2022-12-12,118.2
2022-12-13,113.2
2022-12-14,113.24
2022-12-15,113.27
2022-12-16,111.2
2022-12-19,110.55
2022-12-20,108.97
2022-12-21,106.23
2022-12-22,106.27
2022-12-23,104.33
2022-12-26,107.2
2022-12-27,107.5
2022-12-28,103.88
2022-12-29,103.61
2022-12-30,101.85
2023-01-03,107.03
2023-01-04,108.45
2023-01-05,108.55
2023-01-06,106.97
2023-01-09,106.86
2023-01-10,105.9
2023-01-11,103.69
2023-01-12,104.88
2023-01-13,104.9
2023-01-16,107.56
2023-01-17,107.93
2023-01-18,109.05
2023-01-19,111.5
2023-01-20,112.48
2023-01-30,114.5
2023-01-31,112.27
2023-02-01,118.35
2023-02-02,129.15
2023-02-03,139.0
2023-02-06,136.65
2023-02-07,156.16
2023-02-08,142.59
2023-02-09,144.7
2023-02-10,150.0
2023-02-13,146.44
2023-02-14,141.1
2023-02-15,144.21
2023-02-16,136.6
2023-02-17,131.91
2023-02-20,133.77
2023-02-21,135.05
2023-02-22,136.12
2023-02-23,134.16
2023-02-24,134.7
2023-02-27,131.34
2023-02-28,132.0
2023-03-01,135.33
2023-03-02,137.58
2023-03-03,137.86
2023-03-06,141.0
2023-03-07,133.13
2023-03-08,134.34
2023-03-09,136.8
2023-03-10,142.56
2023-03-13,143.66
2023-03-14,143.97
2023-03-15,142.66
2023-03-16,135.61
2023-03-17,143.02
2023-03-20,142.66
2023-03-21,147.49
2023-03-22,152.9
2023-03-23,155.28
2023-03-24,158.01
2023-03-27,164.29
2023-03-28,159.03
2023-03-29,156.65
2023-03-30,150.2
2023-03-31,152.0
2023-04-03,155.59
2023-04-04,166.75
2023-04-06,165.15
2023-04-07,164.85
2023-04-10,154.1
2023-04-11,150.85
2023-04-12,153.0
2023-04-13,147.02
2023-04-14,148.11
2023-04-17,148.15
2023-04-18,150.01
2023-04-19,148.15
2023-04-20,149.55
2023-04-21,156.88
2023-04-24,143.85
2023-04-25,142.46
2023-04-26,137.06
2023-04-27,141.05
2023-04-28,154.3
2023-05-04,149.4
2023-05-05,147.0
2023-05-08,164.75
2023-05-09,159.1
2023-05-10,160.94
2023-05-11,162.07
2023-05-12,155.8
2023-05-15,159.01
2023-05-16,153.35
2023-05-17,154.93
2023-05-18,161.39
2023-05-19,163.88
2023-05-22,155.82
2023-05-23,157.8
2023-05-24,150.14
2023-05-25,148.3
2023-05-26,154.73
2023-05-29,152.97
2023-05-30,159.39
2023-05-31,164.65
2023-06-01,164.0
2023-06-02,162.11
2023-06-05,171.6
2023-06-06,162.01
2023-06-07,159.08
2023-06-08,156.2
2023-06-09,159.29
2023-06-12,155.96
2023-06-13,166.66
2023-06-14,166.39
2023-06-15,176.74
2023-06-16,171.8
2023-06-19,172.39
2023-06-20,175.73
2023-06-21,167.11
2023-06-26,161.13
2023-06-27,163.65
2023-06-28,159.91
2023-06-29,159.54
2023-06-30,158.32
2023-07-03,153.94
2023-07-04,154.52
2023-07-05,153.49
2023-07-06,156.77
2023-07-07,150.7
2023-07-10,151.2
2023-07-11,153.4
2023-07-12,148.11
2023-07-13,151.75
2023-07-14,152.37
2023-07-17,149.67
2023-07-18,146.67
2023-07-19,145.65
2023-07-20,141.34
2023-07-21,141.34
2023-07-24,141.68
2023-07-25,143.0
2023-07-26,142.85
2023-07-27,139.47
2023-07-28,139.65
2023-07-31,140.97
2023-08-01,139.9
2023-08-02,142.51
2023-08-03,142.3
2023-08-04,144.22
2023-08-07,143.6
2023-08-08,142.17
2023-08-09,136.57
2023-08-10,136.61
2023-08-11,133.2
2023-08-14,136.0
2023-08-15,134.89
2023-08-16,130.47
2023-08-17,131.91
2023-08-18,131.36
2023-08-21,130.43
2023-08-22,136.37
2023-08-23,132.0
2023-08-24,132.38
2023-08-25,123.03
2023-08-28,122.39
2023-08-29,127.67
2023-08-30,134.45
2023-08-31,134.08
2023-09-01,132.38
2023-09-04,132.98
2023-09-05,131.51
2023-09-06,136.31
2023-09-07,131.25
2023-09-08,132.81
2023-09-11,134.99
2023-09-12,134.89
2023-09-13,131.16
2023-09-14,129.15
2023-09-15,129.7
2023-09-18,126.91
2023-09-19,124.9
2023-09-20,123.34
2023-09-21,123.58
2023-09-22,131.99
2023-09-25,130.03
2023-09-26,130.99
2023-09-27,130.21
2023-09-28,136.0
2023-10-09,133.55
2023-10-10,133.69
2023-10-11,140.32
2023-10-12,136.52
2023-10-13,138.1
2023-10-16,133.45
2023-10-17,135.12
2023-10-18,132.75
2023-10-19,135.36
2023-10-20,128.41
2023-10-23,126.1
2023-10-24,128.4
2023-10-25,130.48
2023-10-26,131.02
2023-10-27,131.3
2023-10-30,131.19
2023-10-31,129.02
2023-11-01,126.6
2023-11-02,125.55
2023-11-03,129.9
2023-11-06,134.23
2023-11-07,138.1
2023-11-08,138.12
2023-11-09,137.8
2023-11-10,138.36
2023-11-13,139.5
2023-11-14,142.1
2023-11-15,140.76
2023-11-16,138.9
2023-11-17,138.89
2023-11-20,139.68
2023-11-21,138.4
2023-11-22,136.34
2023-11-23,137.01
2023-11-24,133.7
2023-11-27,133.87
2023-11-28,133.25
2023-11-29,138.49
2023-11-30,134.95
2023-12-01,137.79
2023-12-04,136.6
2023-12-05,132.01
2023-12-06,130.5
2023-12-07,132.0
2023-12-08,135.25
2023-12-11,136.3
2023-12-12,135.58
2023-12-13,132.78
2023-12-14,131.7
2023-12-15,129.15
2023-12-18,126.66
2023-12-19,127.41
2023-12-20,124.5
2023-12-21,126.66
2023-12-22,125.41
2023-12-25,124.98
2023-12-26,123.68
2023-12-27,124.22
2023-12-28,126.81
2023-12-29,127.9
2024-01-02,125.5
2024-01-03,123.42
2024-01-04,123.18
2024-01-05,119.42
2024-01-08,118.05
2024-01-09,115.02
2024-01-10,110.9
2024-01-11,111.58
2024-01-12,110.23
2024-01-15,108.65
2024-01-16,106.99
2024-01-17,103.06
2024-01-18,103.98
2024-01-19,101.6
2024-01-22,96.21
2024-01-23,98.06
2024-01-24,99.45
2024-01-25,102.52
2024-01-26,100.1
2024-01-29,97.0
2024-01-30,93.79
2024-01-31,86.52
2024-02-01,86.51
2024-02-02,81.51
2024-02-05,74.41
2024-02-06,81.28
2024-02-07,91.0
2024-02-08,93.77
2024-02-19,94.27
2024-02-20,93.68
2024-02-21,93.7
2024-02-22,96.7
2024-02-23,101.95
2024-02-26,103.8
2024-02-27,107.22
2024-02-28,100.58
2024-02-29,107.95
2024-03-01,110.0
2024-03-04,109.88
2024-03-05,121.97
2024-03-12,132.0
2024-03-13,132.79
2024-03-14,127.79
2024-03-15,138.96
2024-03-18,139.16
2024-03-19,155.9
2024-03-20,158.88
2024-03-21,171.96
2024-03-22,175.31
2024-03-25,172.3
2024-03-26,169.89
2024-03-27,168.09
2024-03-28,182.48
2024-03-29,183.31
2024-04-01,185.86
2024-04-02,176.0
2024-04-03,176.0
2024-04-08,170.55
2024-04-09,173.66
2024-04-10,168.0
2024-04-11,173.2
2024-04-12,174.0
2024-04-15,170.8
2024-04-16,161.2
2024-04-17,162.6
2024-04-18,165.75
2024-04-19,175.41
2024-04-22,179.0
2024-04-23,173.35
2024-04-24,176.0
2024-04-25,185.49
2024-04-26,220.0
2024-04-29,216.37
2024-04-30,212.35
2024-05-06,211.8
2024-05-07,207.08
2024-05-08,202.08
2024-05-09,202.01
2024-05-10,197.1
2024-05-13,185.1
2024-05-14,179.66
2024-05-15,179.28
2024-05-16,179.2
2024-05-17,183.96
2024-05-20,192.09
2024-05-21,187.68
2024-05-22,173.65
2024-05-23,171.17
2024-05-24,164.45
2024-05-27,166.15
2024-05-28,161.51
2024-05-29,159.6
2024-05-30,163.54
2024-05-31,162.88
2024-06-03,164.26
2024-06-04,164.4
2024-06-05,164.19
2024-06-06,157.15
2024-06-07,155.77
2024-06-11,162.79
2024-06-12,166.9
2024-06-13,167.31
2024-06-14,169.46
2024-06-17,170.92
2024-06-18,172.94
2024-06-19,170.01
2024-06-20,175.79
2024-06-21,173.55
2024-06-24,163.65
2024-06-25,150.59
2024-06-26,154.88
2024-06-27,150.6
2024-06-28,151.0
2024-07-01,151.56
2024-07-02,148.28
2024-07-03,146.55
2024-07-04,143.67
2024-07-05,144.99
2024-07-08,140.46
2024-07-09,145.72
2024-07-10,147.6
2024-07-11,148.89
2024-07-12,148.7
2024-07-15,147.4
2024-07-16,151.75
2024-07-17,147.8
2024-07-18,148.14
2024-07-19,152.01
2024-07-22,158.45
2024-07-23,150.69
2024-07-24,147.05
2024-07-25,146.4
2024-07-26,147.97
2024-07-29,147.9
2024-07-30,157.98
2024-07-31,161.84
2024-08-01,164.8
2024-08-02,161.1
2024-08-05,151.51
2024-08-06,153.57
2024-08-07,158.32
2024-08-08,152.46
2024-08-09,151.89
2024-08-12,146.79
2024-08-13,146.82
2024-08-14,145.0
2024-08-15,148.08
2024-08-16,145.9
2024-08-19,146.16
2024-08-20,145.49
2024-08-21,145.27
2024-08-22,142.14
2024-08-23,143.21
2024-08-26,145.03
2024-08-27,141.99
2024-08-28,143.14
2024-08-29,146.89
2024-08-30,151.0
2024-09-02,152.52
2024-09-03,149.28
2024-09-04,150.71
2024-09-05,157.44
2024-09-06,152.09
2024-09-09,148.19
2024-09-10,151.22
2024-09-11,151.51
2024-09-12,153.3
2024-09-13,153.5
2024-09-18,156.79
2024-09-19,156.07
2024-09-20,155.88
2024-09-23,154.5
2024-09-24,159.87
2024-09-25,158.1
2024-09-26,161.78
2024-09-27,173.48
2024-09-30,196.0
2024-10-08,235.07
2024-10-09,203.0
2024-10-10,192.08
2024-10-11,177.0
2024-10-14,183.28
2024-10-15,177.6
2024-10-16,177.82
2024-10-17,183.69
2024-10-18,205.5
2024-10-21,210.51
2024-10-22,209.2
2024-10-23,215.7
2024-10-24,219.24
2024-10-25,211.0
2024-10-28,213.81
2024-10-29,242.51
2024-10-30,232.34
2024-10-31,254.42
2024-11-01,234.79
2024-11-04,266.0
2024-11-05,267.56
2024-11-06,274.25
2024-11-07,271.9
2024-11-08,280.14
2024-11-11,285.0
2024-11-12,267.5
2024-11-13,262.8
2024-11-14,277.0
2024-11-15,260.13
2024-11-18,246.1
2024-11-19,249.75
2024-11-20,286.0
2024-11-21,294.51
2024-11-22,284.0
2024-11-25,292.98
2024-11-26,301.5
2024-11-27,298.93
2024-11-28,303.0
2024-11-29,300.0
2024-12-02,295.18
2024-12-03,288.83
2024-12-04,293.52
2024-12-05,291.98
2024-12-06,289.39
2024-12-09,289.08
2024-12-10,306.98
2024-12-11,351.0
2024-12-12,327.03
2024-12-13,312.4
2024-12-16,311.1
2024-12-17,309.18
2024-12-18,335.67
2024-12-19,325.55
2024-12-20,326.23
2024-12-23,313.86
2024-12-24,317.59
2024-12-25,317.51
2024-12-26,323.68
2024-12-27,325.0
2024-12-30,314.03
2024-12-31,298.36
2025-01-02,273.44
2025-01-03,259.75
2025-01-06,252.99
2025-01-07,268.69
2025-01-08,262.5
2025-01-09,261.44
2025-01-10,262.0
2025-01-13,258.76
2025-01-14,266.76
2025-01-15,259.7
2025-01-16,268.05
2025-01-17,264.11
2025-01-20,265.1
2025-01-21,258.4
2025-01-22,259.49
2025-01-23,265.11
2025-01-24,270.25
2025-01-27,260.69
2025-02-05,278.49
2025-02-06,288.1
2025-02-07,285.0
2025-02-10,289.02
2025-02-11,288.8
2025-02-12,286.86
2025-02-13,279.71
2025-02-14,296.06
2025-02-17,292.3
2025-02-18,280.1
2025-02-19,283.95
2025-02-20,290.3
2025-02-21,300.0
2025-02-24,297.11
2025-02-25,300.23
2025-02-26,302.4
2025-02-27,295.46
2025-02-28,281.16
2025-03-03,278.68
2025-03-04,287.73
2025-03-05,299.8
2025-03-06,299.5
2025-03-07,293.19
2025-03-10,286.0
2025-03-11,285.05
2025-03-12,287.6
2025-03-13,283.42
2025-03-14,287.76
2025-03-17,293.1
2025-03-18,294.83
2025-03-19,284.62
2025-03-20,283.72
2025-03-21,272.93
2025-03-24,262.44
2025-03-25,258.54
2025-03-26,260.89
2025-03-27,260.35
2025-03-28,254.66
2025-03-31,255.99
2025-04-01,260.94
2025-04-02,262.8
2025-04-03,263.11
2025-04-07,221.95
2025-04-08,232.49
2025-04-09,247.91
2025-04-10,247.68
2025-04-11,251.33
2025-04-14,252.87
2025-04-15,250.46
2025-04-16,252.06
2025-04-17,250.01
2025-04-18,249.02
2025-04-21,253.15
2025-04-22,240.6
2025-04-23,241.75
2025-04-24,237.25
2025-04-25,241.35
2025-04-28,235.5
2025-04-29,236.3
2025-04-30,240.33
2025-05-06,249.28
2025-05-07,249.4
2025-05-08,249.92
2025-05-09,245.3
2025-05-12,253.73
2025-05-13,247.85
2025-05-14,248.31
2025-05-15,243.61
2025-05-16,243.0
2025-05-19,243.15
2025-05-20,244.38
2025-05-21,243.01
2025-05-22,238.37
2025-05-23,244.39
2025-05-26,243.47
2025-05-27,249.27
2025-05-28,249.96
2025-05-29,251.96
2025-05-30,258.87
2025-06-03,262.5
2025-06-04,262.51
2025-06-05,266.15
2025-06-06,272.66
2025-06-09,276.0
2025-06-10,277.6
2025-06-11,271.78
2025-06-12,277.26
2025-06-13,277.0
2025-06-16,278.32
2025-06-17,286.05
2025-06-18,282.3
2025-06-19,272.0
2025-06-20,267.39
2025-06-23,273.45
2025-06-24,273.2
2025-06-25,279.38
2025-06-26,276.87
2025-06-27,273.7
2025-06-30,275.01
2025-07-01,277.5
2025-07-02,271.2
2025-07-03,271.88
2025-07-04,271.06
2025-07-07,268.59
2025-07-08,271.65
2025-07-09,268.1
2025-07-10,268.99
2025-07-11,266.36
2025-07-14,266.45
2025-07-15,268.24
2025-07-16,271.0
2025-07-17,271.08
2025-07-18,270.83
2025-07-21,269.5
2025-07-22,267.4
2025-07-23,269.22
2025-07-24,271.46
2025-07-25,274.42
2025-07-28,271.97
2025-07-29,282.09
2025-07-30,274.49
2025-07-31,274.07
2025-08-01,269.0
2025-08-04,270.75
2025-08-05,272.71
2025-08-06,273.3
2025-08-07,271.1
2025-08-08,267.64
2025-08-11,275.85
2025-08-12,277.6
2025-08-13,292.6
2025-08-14,286.28
2025-08-15,287.01
2025-08-18,298.0
2025-08-19,293.0
2025-08-20,296.86
2025-08-21,294.48
2025-08-22,316.0
2025-08-25,322.5
2025-08-26,323.85
2025-08-27,322.46
2025-08-28,331.5
2025-08-29,331.59
2025-09-01,327.25
2025-09-02,306.8
2025-09-03,294.47
2025-09-04,277.29
2025-09-05,283.87
2025-09-08,289.49
2025-09-09,280.75
2025-09-10,278.31
2025-09-11,289.26
2025-09-12,290.15
2025-09-15,318.98
2025-09-16,327.82
2025-09-17,322.0
2025-09-18,347.65
2025-09-19,342.1
2025-09-22,357.0
2025-09-23,343.0
2025-09-24,354.99
2025-09-25,355.5
2025-09-26,345.09
2025-09-29,354.79
2025-09-30,351.0
2025-10-09,398.79
2025-10-10,360.01
2025-10-13,384.64
2025-10-14,397.01
2025-10-15,414.9
2025-10-16,405.0
2025-10-17,376.78
2025-10-20,385.88
2025-10-21,382.79
2025-10-22,380.0
2025-10-23,414.42
2025-10-24,418.87
2025-10-27,450.41
2025-10-28,460.0
2025-10-29,511.0
2025-10-30,599.0
2025-10-31,579.8
2025-11-03,589.89
2025-11-04,583.0
2025-11-05,556.98
2025-11-06,564.23
2025-11-07,557.0
2025-11-10,522.0
2025-11-11,508.71
2025-11-12,502.5
2025-11-13,502.0
2025-11-14,477.41
2025-11-17,488.18
2025-11-18,479.46
2025-11-19,473.0
2025-11-20,457.0
2025-11-21,436.0
2025-11-24,437.98
2025-11-25,460.0
2025-11-26,455.88
2025-11-27,449.23
2025-11-28,457.88
2025-12-01,453.0
2025-12-02,443.6
2025-12-03,435.9
2025-12-04,443.9
2025-12-05,461.88
2025-12-08,505.67
2025-12-09,497.0
2025-12-10,489.11
2025-12-11,518.83
2025-12-12,513.1
2025-12-15,504.8
2025-12-16,476.88
2025-12-17,500.06
2025-12-18,494.0
2025-12-19,485.2
2025-12-22,504.04
2025-12-23,518.87
2025-12-24,513.25
2025-12-25,516.76
2025-12-26,517.01
2025-12-29,509.5
2025-12-30,510.06
2025-12-31,503.79
2026-01-05,526.26
2026-01-06,538.5
2026-01-07,560.7
2026-01-08,562.0
2026-01-09,575.67
2026-01-12,658.0
2026-01-13,613.95
2026-01-14,646.0
2026-01-15,618.0
2026-01-16,612.0
2026-01-19,617.7
2026-01-20,592.0
2026-01-21,590.06
2026-01-22,587.56
2026-01-23,608.72
2026-01-26,580.0
2026-01-27,595.01
2026-01-28,639.0
2026-01-29,630.2
2026-01-30,624.2
2026-02-02,614.98
2026-02-03,657.17
2026-02-04,680.0
2026-02-05,669.01
2026-02-06,668.58
2026-02-09,717.77
2026-02-10,703.21
2026-02-11,700.0
2026-02-12,725.75
2026-02-13,753.54
2026-02-24,655.48
2026-02-25,670.0
2026-02-26,664.81
2026-02-27,678.11
2026-03-02,666.0
2026-03-03,627.87
2026-03-04,642.62
2026-03-05,712.05
2026-03-06,699.88
2026-03-09,681.1
2026-03-10,682.98
2026-03-11,662.0
2026-03-12,650.0
2026-03-13,661.0
2026-03-16,645.5
2026-03-17,618.88
2026-03-18,636.16
2026-03-19,634.16
2026-03-20,643.0
2026-03-23,585.4
2026-03-24,593.98
2026-03-25,597.0
2026-03-26,557.98
2026-03-27,552.0
