date,close_raw
2020-09-04,135.0
2020-09-07,124.0
2020-09-08,109.0
2020-09-09,111.0
2020-09-10,114.5
2020-09-11,132.0
2020-09-14,133.68
2020-09-15,133.3
2020-09-16,147.5
2020-09-17,150.0
2020-09-18,143.14
2020-09-21,144.13
2020-09-22,138.5
2020-09-23,155.0
2020-09-24,147.13
2020-09-25,148.05
2020-09-28,148.68
2020-09-29,146.4
2020-09-30,153.3
2020-10-09,176.37
2020-10-12,180.55
2020-10-13,179.79
2020-10-14,176.39
2020-10-15,164.0
2020-10-16,165.16
2020-10-19,161.99
2020-10-20,166.58
2020-10-21,162.0
2020-10-22,161.76
2020-10-23,150.82
2020-10-26,160.0
2020-10-27,167.2
2020-10-28,182.11
2020-10-29,177.02
2020-10-30,181.2
2020-11-02,186.53
2020-11-03,181.48
2020-11-04,185.0
2020-11-05,194.87
2020-11-06,191.5
2020-11-09,199.4
2020-11-10,201.4
2020-11-11,192.0
2020-11-12,198.0
2020-11-13,195.2
2020-11-16,188.79
2020-11-17,174.53
2020-11-18,171.31
2020-11-19,172.86
2020-11-20,180.83
2020-11-23,184.91
2020-11-24,181.36
2020-11-25,173.2
2020-11-26,172.89
2020-11-27,177.19
2020-11-30,165.0
2020-12-01,168.34
2020-12-02,161.99
2020-12-03,160.85
2020-12-04,164.31
2020-12-07,166.52
2020-12-08,172.17
2020-12-09,178.84
2020-12-10,184.0
2020-12-11,181.5
2020-12-14,198.63
2020-12-15,202.31
2020-12-16,205.26
2020-12-17,201.15
2020-12-18,205.5
2020-12-21,213.5
2020-12-22,206.0
2020-12-23,217.97
2020-12-24,206.17
2020-12-25,247.4
2020-12-28,248.0
2020-12-29,226.8
2020-12-30,231.0
2020-12-31,237.9
2021-01-04,266.07
2021-01-05,266.5
2021-01-06,284.0
2021-01-07,315.0
2021-01-08,296.0
2021-01-11,277.0
2021-01-12,290.0
2021-01-13,277.0
2021-01-14,261.61
2021-01-15,274.62
2021-01-18,278.87
2021-01-19,269.53
2021-01-20,290.84
2021-01-21,305.0
2021-01-22,313.18
2021-01-25,353.0
2021-01-26,342.0
2021-01-27,350.5
2021-01-28,324.27
2021-01-29,319.0
2021-02-01,295.01
2021-02-02,303.48
2021-02-03,317.0
2021-02-04,300.0
2021-02-05,254.84
2021-02-08,262.98
2021-02-09,266.37
2021-02-10,279.0
2021-02-18,267.51
2021-02-19,264.4
2021-02-22,250.01
2021-02-23,254.29
2021-02-24,234.32
2021-02-25,230.78
2021-02-26,237.2
2021-03-01,239.63
2021-03-02,244.2
2021-03-03,246.36
2021-03-04,211.77
2021-03-05,217.7
2021-03-08,203.77
2021-03-09,196.5
2021-03-10,201.5
2021-03-11,211.27
2021-03-12,214.3
2021-03-15,190.13
2021-03-16,183.3
2021-03-17,186.0
2021-03-18,185.13
2021-03-19,174.0
2021-03-22,177.2
2021-03-23,175.94
2021-03-24,168.0
2021-03-25,170.68
2021-03-26,183.01
2021-03-29,179.57
2021-03-30,205.95
2021-03-31,207.07
2021-04-01,217.0
2021-04-02,212.5
2021-04-06,207.7
2021-04-07,197.3
2021-04-08,197.29
2021-04-09,190.45
2021-04-12,187.03
2021-04-13,187.0
2021-04-14,192.33
2021-04-15,188.5
2021-04-16,188.5
2021-04-19,194.7
2021-04-20,205.51
2021-04-21,206.07
2021-04-22,213.14
2021-04-23,218.5
2021-04-26,230.3
2021-04-27,241.01
2021-04-28,234.45
2021-04-29,242.4
2021-04-30,251.38
2021-05-06,256.5
2021-05-07,244.8
2021-05-10,238.0
2021-05-11,227.54
2021-05-12,238.22
2021-05-13,229.0
2021-05-14,229.99
2021-05-17,241.49
2021-05-18,238.81
2021-05-19,254.3
2021-05-20,248.17
2021-05-21,268.0
2021-05-24,268.75
2021-05-25,264.01
2021-05-26,251.13
2021-05-27,253.14
2021-05-28,246.99
2021-05-31,258.77
2021-06-01,248.84
2021-06-02,232.06
2021-06-03,226.0
2021-06-04,223.81
2021-06-07,212.65
2021-06-08,214.3
2021-06-09,221.0
2021-06-10,246.95
2021-06-11,262.5
2021-06-15,259.25
2021-06-16,241.66
2021-06-17,249.15
2021-06-18,258.0
2021-06-21,278.98
2021-06-22,283.8
2021-06-23,290.41
2021-06-24,302.58
2021-06-25,306.88
2021-06-28,322.66
2021-06-29,343.0
2021-06-30,334.0
2021-07-01,325.0
2021-07-02,321.6
2021-07-05,335.2
2021-07-06,320.2
2021-07-07,347.28
2021-07-08,345.38
2021-07-09,338.58
2021-07-12,355.01
2021-07-13,345.66
2021-07-14,330.08
2021-07-15,360.39
2021-07-16,348.98
2021-07-19,352.54
2021-07-20,351.88
2021-07-21,384.1
2021-07-22,432.0
2021-07-23,416.0
2021-07-26,437.0
2021-07-27,405.0
2021-07-28,441.0
2021-07-29,529.2
2021-07-30,575.0
2021-08-02,565.0
2021-08-03,470.0
2021-08-04,491.0
2021-08-05,502.1
2021-08-06,532.0
2021-08-09,545.68
2021-08-10,498.0
2021-08-11,477.5
2021-08-12,488.84
2021-08-13,458.74
2021-08-16,436.0
2021-08-17,429.0
2021-08-18,421.89
2021-08-19,423.11
2021-08-20,405.0
2021-08-23,410.5
2021-08-24,399.08
2021-08-25,445.0
2021-08-26,441.0
2021-08-27,411.7
2021-08-30,432.5
2021-08-31,399.58
2021-09-01,386.5
2021-09-02,365.96
2021-09-03,349.0
2021-09-06,359.0
2021-09-07,365.0
2021-09-08,348.92
2021-09-09,349.11
2021-09-10,369.66
2021-09-13,331.0
2021-09-14,343.88
2021-09-15,356.18
2021-09-16,325.88
2021-09-17,335.42
2021-09-22,336.51
2021-09-23,343.0
2021-09-24,369.0
2021-09-27,393.86
2021-09-28,382.82
2021-09-29,387.0
2021-09-30,398.55
2021-10-08,369.88
2021-10-11,340.23
2021-10-12,343.96
2021-10-13,383.0
2021-10-14,401.59
2021-10-15,406.63
2021-10-18,417.0
2021-10-19,414.0
2021-10-20,429.84
2021-10-21,406.99
2021-10-22,387.0
2021-10-25,435.05
2021-10-26,453.71
2021-10-27,459.0
2021-10-28,469.0
2021-10-29,485.55
2021-11-01,455.0
2021-11-02,459.0
2021-11-03,446.5
2021-11-04,469.5
2021-11-05,439.98
2021-11-08,448.0
2021-11-09,445.0
2021-11-10,449.5
2021-11-11,462.01
2021-11-12,467.0
2021-11-15,422.5
2021-11-16,398.3
2021-11-17,413.55
2021-11-18,412.0
2021-11-19,442.33
2021-11-22,466.9
2021-11-23,461.32
2021-11-24,431.71
2021-11-25,421.36
2021-11-26,433.98
2021-11-29,478.8
2021-11-30,467.55
2021-12-01,441.33
2021-12-02,433.49
2021-12-03,446.05
2021-12-06,433.81
2021-12-07,426.0
2021-12-08,435.77
2021-12-09,439.2
2021-12-10,464.03
2021-12-13,462.38
2021-12-14,452.51
2021-12-15,462.8
2021-12-16,470.9
2021-12-17,462.0
2021-12-20,423.36
2021-12-21,407.99
2021-12-22,409.0
2021-12-23,409.0
2021-12-24,387.32
2021-12-27,384.02
2021-12-28,404.68
2021-12-29,409.06
2021-12-30,441.0
2021-12-31,459.58
2022-01-04,427.73
2022-01-05,408.31
2022-01-06,405.86
2022-01-07,391.1
2022-01-10,383.23
2022-01-11,359.76
2022-01-12,362.91
2022-01-13,339.5
2022-01-14,351.67
2022-01-17,355.11
2022-01-18,359.44
2022-01-19,345.5
2022-01-20,344.02
2022-01-21,364.5
2022-01-24,402.06
2022-01-25,395.48
2022-01-26,409.18
2022-01-27,392.32
2022-01-28,402.85
2022-02-07,407.99
2022-02-08,382.7
2022-02-09,390.9
2022-02-10,346.02
2022-02-11,341.0
2022-02-14,338.46
2022-02-15,364.5
2022-02-16,367.57
2022-02-17,394.5
2022-02-18,385.56
2022-02-21,381.32
2022-02-22,381.0
2022-02-23,379.99
2022-02-24,384.0
2022-02-25,396.0
2022-02-28,423.3
2022-03-01,430.0
2022-03-02,437.13
2022-03-03,429.56
2022-03-04,425.37
2022-03-07,435.9
2022-03-08,418.88
2022-03-09,408.0
2022-03-10,421.99
2022-03-11,406.0
2022-03-14,418.8
2022-03-15,410.52
2022-03-16,428.05
2022-03-17,400.0
2022-03-18,397.14
2022-03-21,394.5
2022-03-22,375.5
2022-03-23,382.89
2022-03-24,375.5
2022-03-25,366.0
2022-03-28,340.58
2022-03-29,341.31
2022-03-30,353.9
2022-03-31,344.8
2022-04-01,337.63
2022-04-06,318.16
2022-04-07,303.4
2022-04-08,287.98
2022-04-11,265.0
2022-04-12,262.0
2022-04-13,251.5
2022-04-14,237.0
2022-04-15,241.03
2022-04-18,252.47
2022-04-19,267.3
2022-04-20,230.23
2022-04-21,222.99
2022-04-22,209.01
2022-04-25,181.23
2022-04-26,160.74
2022-04-27,172.88
2022-04-28,171.35
2022-04-29,171.58
2022-05-05,181.5
2022-05-06,179.64
2022-05-09,190.86
2022-05-10,209.5
2022-05-11,223.0
2022-05-12,222.77
2022-05-13,222.0
2022-05-16,220.72
2022-05-17,227.38
2022-05-18,236.73
2022-05-19,255.48
2022-05-20,258.08
2022-05-23,274.65
2022-05-24,260.0
2022-05-25,261.65
2022-05-26,257.4
2022-05-27,262.28
2022-05-30,261.88
2022-05-31,265.14
2022-06-01,264.99
2022-06-02,281.49
2022-06-06,296.91
2022-06-07,304.5
2022-06-08,298.0
2022-06-09,297.99
2022-06-10,304.49
2022-06-13,303.0
2022-06-14,303.5
2022-06-15,323.0
2022-06-16,325.69
2022-06-17,332.5
2022-06-20,352.41
2022-06-21,249.0
2022-06-22,275.0
2022-06-23,276.29
2022-06-24,276.44
2022-06-27,287.0
2022-06-28,278.73
2022-06-29,282.3
2022-06-30,313.01
2022-07-01,306.41
2022-07-04,327.31
2022-07-05,335.0
2022-07-06,328.09
2022-07-07,368.8
2022-07-08,348.0
2022-07-11,338.67
2022-07-12,306.67
2022-07-13,341.0
2022-07-14,373.0
2022-07-15,371.0
2022-07-18,359.3
2022-07-19,338.0
2022-07-20,347.59
2022-07-21,343.9
2022-07-22,347.0
2022-07-25,324.61
2022-07-26,335.63
2022-07-27,358.0
2022-07-28,360.0
2022-07-29,343.0
2022-08-01,363.0
2022-08-02,390.01
2022-08-03,383.11
2022-08-04,364.9
2022-08-05,357.2
2022-08-08,378.0
2022-08-09,384.76
2022-08-10,390.0
2022-08-11,390.0
2022-08-12,361.0
2022-08-15,383.6
2022-08-16,388.0
2022-08-17,389.15
2022-08-18,436.88
2022-08-19,413.66
2022-08-22,418.59
2022-08-23,446.57
2022-08-24,431.01
2022-08-25,406.36
2022-08-26,391.98
2022-08-29,416.06
2022-08-30,390.0
2022-08-31,312.0
2022-09-01,303.65
2022-09-02,301.43
2022-09-05,328.0
2022-09-06,335.29
2022-09-07,318.92
2022-09-08,328.0
2022-09-09,309.0
2022-09-13,309.19
2022-09-14,304.52
2022-09-15,281.51
2022-09-16,284.78
2022-09-19,271.7
2022-09-20,291.42
2022-09-21,283.54
2022-09-22,286.81
2022-09-23,280.21
2022-09-26,294.53
2022-09-27,284.3
2022-09-28,276.0
2022-09-29,290.5
2022-09-30,283.03
2022-10-10,275.99
2022-10-11,298.01
2022-10-12,314.97
2022-10-13,330.6
2022-10-14,342.86
2022-10-17,332.55
2022-10-18,336.4
2022-10-19,332.34
2022-10-20,319.61
2022-10-21,331.19
2022-10-24,324.2
2022-10-25,345.5
2022-10-26,370.26
2022-10-27,365.6
2022-10-28,346.69
2022-10-31,335.01
2022-11-01,345.27
2022-11-02,380.6
2022-11-03,388.24
2022-11-04,385.24
2022-11-07,386.0
2022-11-08,373.0
2022-11-09,356.0
2022-11-10,347.36
2022-11-11,348.0
2022-11-14,322.5
2022-11-15,324.37
2022-11-16,324.8
2022-11-17,309.0
2022-11-18,322.3
2022-11-21,331.0
2022-11-22,313.5
2022-11-23,339.68
2022-11-24,353.28
2022-11-25,337.9
2022-11-28,342.59
2022-11-29,332.35
2022-11-30,343.83
2022-12-01,334.66
2022-12-02,343.99
2022-12-05,313.0
2022-12-06,307.66
2022-12-07,309.7
2022-12-08,312.26
2022-12-09,312.2
2022-12-12,310.1
2022-12-13,293.57
2022-12-14,293.69
2022-12-15,296.56
2022-12-16,291.72
2022-12-19,292.87
2022-12-20,290.23
2022-12-21,285.69
2022-12-22,278.84
2022-12-23,261.0
2022-12-26,297.98
2022-12-27,304.2
2022-12-28,315.0
2022-12-29,312.07
2022-12-30,323.09
2023-01-03,331.28
2023-01-04,318.83
2023-01-05,319.01
2023-01-06,355.0
2023-01-09,359.0
2023-01-10,365.0
2023-01-11,355.0
2023-01-12,347.84
2023-01-13,340.0
2023-01-16,342.55
2023-01-17,352.0
2023-01-18,348.81
2023-01-19,339.4
2023-01-20,366.5
2023-01-30,396.02
2023-01-31,406.4
2023-02-01,403.6
2023-02-02,397.0
2023-02-03,392.99
2023-02-06,391.57
2023-02-07,387.91
2023-02-08,379.0
2023-02-09,388.48
2023-02-10,376.98
2023-02-13,381.0
2023-02-14,376.75
2023-02-15,372.0
2023-02-16,359.99
2023-02-17,358.38
2023-02-20,381.63
2023-02-21,380.58
2023-02-22,367.0
2023-02-23,385.39
2023-02-24,375.87
2023-02-27,383.56
2023-02-28,388.49
2023-03-01,367.38
2023-03-02,358.2
2023-03-03,361.23
2023-03-06,381.33
2023-03-07,388.79
2023-03-08,375.49
2023-03-09,374.29
2023-03-10,375.5
2023-03-13,359.0
2023-03-14,347.71
2023-03-15,335.19
2023-03-16,319.0
2023-03-17,308.0
2023-03-20,311.8
2023-03-21,307.75
2023-03-22,296.0
2023-03-23,279.89
2023-03-24,284.79
2023-03-27,291.1
2023-03-28,289.44
2023-03-29,285.24
2023-03-30,289.55
2023-03-31,289.45
2023-04-03,290.98
2023-04-04,280.0
2023-04-06,285.76
2023-04-07,278.79
2023-04-10,284.18
2023-04-11,292.85
2023-04-12,280.0
2023-04-13,278.61
2023-04-14,279.09
2023-04-17,276.99
2023-04-18,289.99
2023-04-19,285.76
2023-04-20,271.75
2023-04-21,272.44
2023-04-24,256.89
2023-04-25,248.9
2023-04-26,296.04
2023-04-27,290.51
2023-04-28,259.61
2023-05-04,269.48
2023-05-05,275.42
2023-05-08,274.98
2023-05-09,263.0
2023-05-10,263.87
2023-05-11,266.78
2023-05-12,257.88
2023-05-15,272.15
2023-05-16,274.49
2023-05-17,272.01
2023-05-18,263.8
2023-05-19,260.08
2023-05-22,253.08
2023-05-23,249.13
2023-05-24,252.01
2023-05-25,259.79
2023-05-26,249.9
2023-05-29,229.93
2023-05-30,232.5
2023-05-31,233.24
2023-06-01,236.0
2023-06-02,235.0
2023-06-05,226.98
2023-06-06,158.91
2023-06-07,156.6
2023-06-08,154.85
2023-06-09,156.42
2023-06-12,154.44
2023-06-13,150.48
2023-06-14,148.59
2023-06-15,156.81
2023-06-16,172.1
2023-06-19,174.98
2023-06-20,172.0
2023-06-21,169.0
2023-06-26,168.08
2023-06-27,168.8
2023-06-28,170.28
2023-06-29,164.5
2023-06-30,166.86
2023-07-03,176.6
2023-07-04,164.46
2023-07-05,160.27
2023-07-06,169.65
2023-07-07,163.6
2023-07-10,168.99
2023-07-11,171.77
2023-07-12,178.5
2023-07-13,184.5
2023-07-14,181.6
2023-07-17,181.7
2023-07-18,176.46
2023-07-19,171.17
2023-07-20,169.2
2023-07-21,166.0
2023-07-24,158.41
2023-07-25,159.81
2023-07-26,161.2
2023-07-27,156.46
2023-07-28,158.5
2023-07-31,165.5
2023-08-01,158.34
2023-08-02,155.5
2023-08-03,160.71
2023-08-04,168.1
2023-08-07,163.66
2023-08-08,161.2
2023-08-09,163.0
2023-08-10,173.1
2023-08-11,168.83
2023-08-14,160.88
2023-08-15,157.02
2023-08-16,155.24
2023-08-17,152.45
2023-08-18,151.6
2023-08-21,138.43
2023-08-22,137.49
2023-08-23,130.25
2023-08-24,134.39
2023-08-25,134.39
2023-08-28,137.2
2023-08-29,142.21
2023-08-30,141.1
2023-08-31,138.42
2023-09-01,136.41
2023-09-04,135.19
2023-09-05,134.3
2023-09-06,133.2
2023-09-07,127.96
2023-09-08,122.87
2023-09-11,124.81
2023-09-12,124.9
2023-09-13,123.61
2023-09-14,123.99
2023-09-15,123.46
2023-09-18,125.79
2023-09-19,123.23
2023-09-20,123.61
2023-09-21,124.85
2023-09-22,127.1
2023-09-25,124.75
2023-09-26,127.01
2023-09-27,131.77
2023-09-28,132.19
2023-10-09,132.89
2023-10-10,131.39
2023-10-11,134.2
2023-10-12,138.0
2023-10-13,135.71
2023-10-16,135.0
2023-10-17,137.21
2023-10-18,138.51
2023-10-19,141.12
2023-10-20,145.97
2023-10-23,133.3
2023-10-24,133.23
2023-10-25,124.95
2023-10-26,121.0
2023-10-27,122.45
2023-10-30,121.09
2023-10-31,116.49
2023-11-01,112.6
2023-11-02,108.09
2023-11-03,113.9
2023-11-06,119.35
2023-11-07,119.93
2023-11-08,118.48
2023-11-09,123.32
2023-11-10,121.0
2023-11-13,122.0
2023-11-14,120.94
2023-11-15,125.79
2023-11-16,121.0
2023-11-17,120.0
2023-11-20,118.54
2023-11-21,115.11
2023-11-22,111.8
2023-11-23,112.18
2023-11-24,108.6
2023-11-27,105.61
2023-11-28,107.37
2023-11-29,106.95
2023-11-30,107.82
2023-12-01,107.31
2023-12-04,103.95
2023-12-05,100.65
2023-12-06,104.17
2023-12-07,103.85
2023-12-08,105.14
2023-12-11,104.8
2023-12-12,102.48
2023-12-13,100.83
2023-12-14,100.8
2023-12-15,102.19
2023-12-18,98.81
2023-12-19,100.2
2023-12-20,99.99
2023-12-21,110.49
2023-12-22,118.58
2023-12-25,120.12
2023-12-26,125.5
2023-12-27,121.2
2023-12-28,136.63
2023-12-29,130.58
2024-01-02,126.4
2024-01-03,128.49
2024-01-04,127.33
2024-01-05,122.62
2024-01-08,122.27
2024-01-09,125.85
2024-01-10,133.26
2024-01-11,135.67
2024-01-12,137.5
2024-01-15,137.8
2024-01-16,134.92
2024-01-17,132.12
2024-01-18,134.65
2024-01-19,126.0
2024-01-22,122.35
2024-01-23,125.19
2024-01-24,120.85
2024-01-25,116.81
2024-01-26,110.81
2024-01-29,102.66
2024-01-30,100.65
2024-01-31,93.37
2024-02-01,96.01
2024-02-02,91.81
2024-02-05,90.4
2024-02-06,106.2
2024-02-07,113.43
2024-02-08,111.5
2024-02-19,109.8
2024-02-20,106.6
2024-02-21,110.96
2024-02-22,109.4
2024-02-23,110.01
2024-02-26,104.7
2024-02-27,105.39
2024-02-28,105.0
2024-02-29,108.48
2024-03-01,111.3
2024-03-04,112.48
2024-03-05,107.42
2024-03-06,111.5
2024-03-07,106.0
2024-03-08,110.88
2024-03-11,120.43
2024-03-12,117.76
2024-03-13,119.15
2024-03-14,122.76
2024-03-15,119.36
2024-03-18,118.8
2024-03-19,114.9
2024-03-20,115.51
2024-03-21,109.88
2024-03-22,103.88
2024-03-25,101.38
2024-03-26,105.58
2024-03-27,98.88
2024-03-28,99.89
2024-03-29,100.53
2024-04-01,110.7
2024-04-02,111.7
2024-04-03,112.25
2024-04-08,105.8
2024-04-09,107.4
2024-04-10,107.7
2024-04-11,111.6
2024-04-12,106.68
2024-04-15,107.41
2024-04-16,100.63
2024-04-17,103.49
2024-04-18,101.06
2024-04-19,94.53
2024-04-22,94.88
2024-04-23,95.37
2024-04-24,92.01
2024-04-25,91.9
2024-04-26,90.38
2024-04-29,94.87
2024-04-30,93.15
2024-05-06,96.65
2024-05-07,97.32
2024-05-08,96.52
2024-05-09,101.65
2024-05-10,103.6
2024-05-13,106.66
2024-05-14,103.52
2024-05-15,101.34
2024-05-16,104.1
2024-05-17,106.66
2024-05-20,105.05
2024-05-21,101.95
2024-05-22,108.35
2024-05-23,102.63
2024-05-24,101.27
2024-05-27,103.0
2024-05-28,103.42
2024-05-29,105.05
2024-05-30,104.4
2024-05-31,102.75
2024-06-03,100.1
2024-06-04,102.07
2024-06-05,102.5
2024-06-06,97.65
2024-06-07,97.6
2024-06-11,98.78
2024-06-12,68.92
2024-06-13,67.86
2024-06-14,63.87
2024-06-17,63.31
2024-06-18,64.89
2024-06-19,62.11
2024-06-20,59.7
2024-06-21,60.12
2024-06-24,59.13
2024-06-25,60.45
2024-06-26,60.98
2024-06-27,58.3
2024-06-28,56.12
2024-07-01,58.9
2024-07-02,56.8
2024-07-03,55.18
2024-07-04,52.77
2024-07-05,54.77
2024-07-08,52.21
2024-07-09,53.41
2024-07-10,51.97
2024-07-11,54.61
2024-07-12,61.0
2024-07-15,61.2
2024-07-16,62.78
2024-07-17,61.8
2024-07-18,64.12
2024-07-19,66.1
2024-07-22,67.1
2024-07-23,63.95
2024-07-24,62.01
2024-07-25,63.3
2024-07-26,61.35
2024-07-29,59.45
2024-07-30,58.93
2024-07-31,60.31
2024-08-01,60.3
2024-08-02,59.5
2024-08-05,58.2
2024-08-06,63.38
2024-08-07,61.75
2024-08-08,60.1
2024-08-09,59.39
2024-08-12,58.55
2024-08-13,58.29
2024-08-14,57.2
2024-08-15,57.14
2024-08-16,55.5
2024-08-19,54.65
2024-08-20,52.69
2024-08-21,49.89
2024-08-22,47.58
2024-08-23,46.85
2024-08-26,47.11
2024-08-27,45.47
2024-08-28,44.69
2024-08-29,48.31
2024-08-30,47.95
2024-09-02,43.5
2024-09-03,44.5
2024-09-04,45.1
2024-09-05,47.47
2024-09-06,44.78
2024-09-09,43.67
2024-09-10,43.55
2024-09-11,49.0
2024-09-12,48.09
2024-09-13,45.58
2024-09-18,43.65
2024-09-19,43.46
2024-09-20,42.1
2024-09-23,40.99
2024-09-24,42.97
2024-09-25,42.86
2024-09-26,44.59
2024-09-27,50.74
2024-09-30,60.89
2024-10-08,69.95
2024-10-09,59.02
2024-10-10,56.88
2024-10-11,52.5
2024-10-14,53.79
2024-10-15,51.9
2024-10-16,50.7
2024-10-17,50.55
2024-10-18,52.95
2024-10-21,53.71
2024-10-22,56.01
2024-10-23,57.69
2024-10-24,53.61
2024-10-25,57.04
2024-10-28,56.27
2024-10-29,54.07
2024-10-30,52.86
2024-10-31,53.07
2024-11-01,50.29
2024-11-04,51.55
2024-11-05,54.39
2024-11-06,53.33
2024-11-07,53.2
2024-11-08,53.54
2024-11-11,55.68
2024-11-12,55.82
2024-11-13,56.95
2024-11-14,56.2
2024-11-15,52.78
2024-11-18,50.1
2024-11-19,51.46
2024-11-20,51.31
2024-11-21,50.5
2024-11-22,47.17
2024-11-25,47.89
2024-11-26,46.55
2024-11-27,47.79
2024-11-28,47.27
2024-11-29,47.96
2024-12-02,48.3
2024-12-03,48.32
2024-12-04,46.55
2024-12-05,46.82
2024-12-06,48.04
2024-12-09,47.81
2024-12-10,47.82
2024-12-11,47.36
2024-12-12,47.3
2024-12-13,45.13
2024-12-16,45.81
2024-12-17,44.53
2024-12-18,44.57
2024-12-19,43.72
2024-12-20,43.8
2024-12-23,42.95
2024-12-24,44.07
2024-12-25,43.48
2024-12-26,43.54
2024-12-27,42.6
2024-12-30,42.46
2024-12-31,40.9
2025-01-02,39.97
2025-01-03,38.59
2025-01-06,38.79
2025-01-07,39.01
2025-01-08,39.03
2025-01-09,38.54
2025-01-10,38.05
2025-01-13,37.98
2025-01-14,39.29
2025-01-15,39.3
2025-01-16,39.63
2025-01-17,38.92
2025-01-20,39.18
2025-01-21,38.04
2025-01-22,37.56
2025-01-23,40.94
2025-01-24,40.99
2025-01-27,38.35
2025-02-05,38.63
2025-02-06,39.68
2025-02-07,40.7
2025-02-10,40.52
2025-02-11,39.51
2025-02-12,40.12
2025-02-13,39.4
2025-02-14,40.5
2025-02-17,40.27
2025-02-18,40.26
2025-02-19,41.25
2025-02-20,40.47
2025-02-21,40.77
2025-02-24,41.27
2025-02-25,40.9
2025-02-26,42.29
2025-02-27,41.83
2025-02-28,40.4
2025-03-03,40.62
2025-03-04,39.98
2025-03-05,38.97
2025-03-06,39.62
2025-03-07,38.87
2025-03-10,41.43
2025-03-11,42.2
2025-03-12,42.03
2025-03-13,40.63
2025-03-14,41.0
2025-03-17,41.61
2025-03-18,42.65
2025-03-19,45.94
2025-03-20,46.0
2025-03-21,45.95
2025-03-24,43.48
2025-03-25,44.68
2025-03-26,47.25
2025-03-27,46.87
2025-03-28,48.0
2025-03-31,45.05
2025-04-01,49.3
2025-04-02,48.96
2025-04-03,47.14
2025-04-07,38.07
2025-04-08,39.32
2025-04-09,40.2
2025-04-10,44.3
2025-04-11,43.6
2025-04-14,42.95
2025-04-15,44.16
2025-04-16,44.0
2025-04-17,42.89
2025-04-18,41.92
2025-04-21,42.58
2025-04-22,40.83
2025-04-23,41.01
2025-04-24,39.73
2025-04-25,40.01
2025-04-28,41.05
2025-04-29,40.81
2025-04-30,39.81
2025-05-06,40.68
2025-05-07,40.7
2025-05-08,42.06
2025-05-09,40.78
2025-05-12,42.3
2025-05-13,42.94
2025-05-14,42.35
2025-05-15,40.82
2025-05-16,40.64
2025-05-19,40.85
2025-05-20,40.94
2025-05-21,40.48
2025-05-22,39.11
2025-05-23,38.82
2025-05-26,39.1
2025-05-27,38.86
2025-05-28,38.38
2025-05-29,39.31
2025-05-30,40.18
2025-06-03,39.85
2025-06-04,40.48
2025-06-05,40.2
2025-06-06,40.03
2025-06-09,40.68
2025-06-10,40.3
2025-06-11,40.14
2025-06-12,40.86
2025-06-13,40.83
2025-06-16,41.09
2025-06-17,40.63
2025-06-18,41.71
2025-06-19,40.4
2025-06-20,40.98
2025-06-23,41.36
2025-06-24,42.25
2025-06-25,42.65
2025-06-26,41.55
2025-06-27,41.7
2025-06-30,43.45
2025-07-01,42.92
2025-07-02,44.17
2025-07-03,44.33
2025-07-04,43.25
2025-07-07,42.9
2025-07-08,45.4
2025-07-09,44.74
2025-07-10,44.82
2025-07-11,44.38
2025-07-14,44.05
2025-07-15,43.12
2025-07-16,43.12
2025-07-17,42.82
2025-07-18,42.56
2025-07-21,42.42
2025-07-22,42.88
2025-07-23,42.4
2025-07-24,44.09
2025-07-25,43.45
2025-07-28,42.94
2025-07-29,43.78
2025-07-30,42.89
2025-07-31,41.79
2025-08-01,44.08
2025-08-04,43.78
2025-08-05,43.57
2025-08-06,43.98
2025-08-07,43.24
2025-08-08,44.27
2025-08-11,45.0
2025-08-12,45.03
2025-08-13,50.8
2025-08-14,49.6
2025-08-15,50.0
2025-08-18,49.33
2025-08-19,48.45
2025-08-20,48.49
2025-08-21,47.68
2025-08-22,48.83
2025-08-25,49.4
2025-08-26,48.68
2025-08-27,47.52
2025-08-28,50.26
2025-08-29,50.1
2025-09-01,51.86
2025-09-02,50.29
2025-09-03,53.37
2025-09-04,52.35
2025-09-05,58.5
2025-09-08,57.6
2025-09-09,55.25
2025-09-10,54.61
2025-09-11,55.38
2025-09-12,55.36
2025-09-15,54.67
2025-09-16,54.68
2025-09-17,54.73
2025-09-18,53.74
2025-09-19,53.75
2025-09-22,53.78
2025-09-23,54.78
2025-09-24,56.25
2025-09-25,55.88
2025-09-26,56.13
2025-09-29,57.41
2025-09-30,64.69
2025-10-09,63.65
2025-10-10,61.0
2025-10-13,59.16
2025-10-14,58.5
2025-10-15,59.2
2025-10-16,58.77
2025-10-17,53.51
2025-10-20,53.85
2025-10-21,53.9
2025-10-22,52.26
2025-10-23,53.16
2025-10-24,55.76
2025-10-27,55.39
2025-10-28,53.65
2025-10-29,59.2
2025-10-30,61.87
2025-10-31,60.83
2025-11-03,61.96
2025-11-04,60.5
2025-11-05,62.84
2025-11-06,63.0
2025-11-07,63.55
2025-11-10,63.17
2025-11-11,65.2
2025-11-12,61.19
2025-11-13,64.26
2025-11-14,64.31
2025-11-17,63.0
2025-11-18,60.9
2025-11-19,58.36
2025-11-20,57.27
2025-11-21,53.0
2025-11-24,53.58
2025-11-25,53.65
2025-11-26,53.39
2025-11-27,53.27
2025-11-28,53.78
2025-12-01,53.19
2025-12-02,52.41
2025-12-03,52.98
2025-12-04,52.53
2025-12-05,53.1
2025-12-08,53.71
2025-12-09,52.81
2025-12-10,52.2
2025-12-11,51.75
2025-12-12,52.02
2025-12-15,58.45
2025-12-16,56.32
2025-12-17,60.05
2025-12-18,58.84
2025-12-19,58.84
2025-12-22,57.85
2025-12-23,58.04
2025-12-24,60.9
2025-12-25,61.69
2025-12-26,62.5
2025-12-29,62.65
2025-12-30,61.93
2025-12-31,62.13
2026-01-05,63.7
2026-01-06,70.85
2026-01-07,76.65
2026-01-08,74.2
2026-01-09,72.89
2026-01-12,72.04
2026-01-13,70.96
2026-01-14,72.54
2026-01-15,72.39
2026-01-16,73.66
2026-01-19,74.83
2026-01-20,72.55
2026-01-21,74.72
2026-01-22,89.63
2026-01-23,92.46
2026-01-26,94.0
2026-01-27,94.78
2026-01-28,92.48
2026-01-29,89.99
2026-01-30,84.38
2026-02-02,81.97
2026-02-03,85.05
2026-02-04,85.5
2026-02-05,81.01
2026-02-06,79.84
2026-02-09,80.0
2026-02-10,78.81
2026-02-11,79.09
2026-02-12,79.92
2026-02-13,76.76
2026-02-24,77.67
2026-02-25,81.59
2026-02-26,82.15
2026-02-27,87.1
2026-03-02,91.21
2026-03-03,98.34
2026-03-04,97.69
2026-03-05,94.06
2026-03-06,93.8
2026-03-09,101.0
2026-03-10,97.19
2026-03-11,102.2
2026-03-12,101.0
2026-03-13,99.08
2026-03-16,96.49
2026-03-17,93.46
2026-03-18,92.97
2026-03-19,97.1
2026-03-20,102.03
2026-03-23,97.69
2026-03-24,96.68
2026-03-25,98.86
2026-03-26,97.3
2026-03-27,99.45
